id,datetime,created_at,text
976771117519196160,2018-03-22 10:42:36,22-03-2018 10:42:36,"Bom dia. Inicio nesta sexta-feira viagem para participar de ciclo de debates em universidades européias. 
Dia 24/03: Barcelona - Fórum Brasil Espanha. 
Dia 26/03: Universidade de Montpellier. 
Dia 27/03: Universidade de Sussex - Inglaterra. 
Dia 28/03: Sorbonne, Paris 
Acompanhe! https://t.co/kK7T1RR7Do"
975799466044379136,2018-03-19 18:21:36,19-03-2018 18:21:36,Entrevista que concedi ao Canal Rural: https://t.co/FW862YNnyg
975759845138759681,2018-03-19 15:44:10,19-03-2018 15:44:10,"Bom dia! Logo mais, 13h, vou conceder uma entrevista #aovivo para Kellen Severo, no programa Mercado e Companhia, do Canal Rural. 

Acompanhe pelo link:
https://t.co/C85QuXZ1Rf"
975138242294112256,2018-03-17 22:34:08,17-03-2018 22:34:08,Hoje o dia foi especial no Rio de Janeiro. Tive a honra de debater o Brasil e seus problemas com a brava gente da Frente Favela Brasil. Estão fazendo um lindo trabalho! Obrigado a todas e todos! https://t.co/FQskxh2FvX
975004454150922241,2018-03-17 13:42:31,17-03-2018 13:42:31,"Me encontro hoje, 16h, com a Frente Favela Brasil. Vamos conversar sobre o Brasil e este grave momento que vive nosso país. https://t.co/FD9fmLTIKf"
974780627827478528,2018-03-16 22:53:06,16-03-2018 22:53:06,"Entrevista que concedi para Reuters. Sobre a venda do nosso petróleo: 

“O que eu estou querendo dizer, na verdade, é o seguinte: não comprem, esperem um pouco, o país vai se recelebrar”. 
https://t.co/Kqhny4e0dn"
974674184415727616,2018-03-16 15:50:08,16-03-2018 15:50:08,"Um abraço fraterno no amigo e guerreiro brasileiro, Carlos Lupi, presidente nacional do PDT, que faz aniversário hoje. Desejo muita saúde, paz e que prossiga com essa lucidez e garra. 

Na foto, sob as bênçãos de Padre Cícero! https://t.co/hAniArxkmT"
974646670519603200,2018-03-16 14:00:48,16-03-2018 14:00:48,"Ato de filiação de Chico D’Angelo ao PDT. 

Bem vindo! https://t.co/9Hp1XLaeJc"
974249872739090434,2018-03-15 11:44:05,15-03-2018 11:44:05,https://t.co/szc7bB9HW7
973910813021999110,2018-03-14 13:16:46,14-03-2018 13:16:46,Durante evento na Câmara Americana de Comércio. https://t.co/3uyw7CgNMC
973164900636876800,2018-03-12 11:52:47,12-03-2018 11:52:47,"Bom dia! Hoje, às 20h, estarei na Casa do Saber, em São Paulo. 

Participe!

https://t.co/TQ1ryZdcnF"
972858109042577409,2018-03-11 15:33:42,11-03-2018 15:33:42,"Entrevista com Nelson Marconi, coordenador do programa de governo que estamos construindo com a ajuda de muitas pessoas do Brasil todo.  https://t.co/3XHu4b2Uvs"
971923761766326272,2018-03-09 01:40:56,09-03-2018 01:40:56,"Com a força de todas e todos vocês, vamos lutar por um Brasil mais justo!  https://t.co/LTqIVfypKF"
971762020080082944,2018-03-08 14:58:14,08-03-2018 14:58:14,"RT @PDT_Nacional: #Diversidade PDT Diversidade celebra vitória das pessoas trans no STF e no TSE. https://t.co/Dk583WRYUF
#SomosTodosPDT
#P…"
971714102346289155,2018-03-08 11:47:50,08-03-2018 11:47:50,"Dia das mulheres. Dia de Luta.
Com Miguelina, vice-presidente nacional do PDT e presidente da AMT;
Lígia, vice-governadora da Paraíba;
Creuzeli, Movimento Negro (PDT);
Martha Rocha, dep estadual (RJ);
Paulinha, prefeita de Bombinhas (SC).
Zezé, Movimento dos Aposentados (PDT) https://t.co/yfJ8ZI6djb"
971530299250110464,2018-03-07 23:37:28,07-03-2018 23:37:28,Junto com a força da juventude! https://t.co/dwh8fxptGA
971186580449906688,2018-03-07 00:51:39,07-03-2018 00:51:39,Debate com professores e estudantes em defesa da Universidade de Brasília (UNB). https://t.co/ulpeG7nES6
970090111139491840,2018-03-04 00:14:40,04-03-2018 00:14:40,https://t.co/eefFkh3upJ
969530652071784448,2018-03-02 11:11:35,02-03-2018 11:11:35,Padre Cícero. Juazeiro do Norte. Ceará. https://t.co/GtzHf1fSDl
969154174742093824,2018-03-01 10:15:35,01-03-2018 10:15:35,"Bom dia! Após dois dias em Santa Catarina, já estou a caminho do Cariri cearense. Hora de falar dos desafios para o futuro do Ceará e do Brasil.

Participe! https://t.co/R9MOl47qX3"
969014023269376000,2018-03-01 00:58:41,01-03-2018 00:58:41,"Participei agora de ato de filiação ao PDT de muitas companheiras e companheiros de Santa Catarina.

Gente de luta e apaixonada pelo Brasil! https://t.co/28iqLwaWzK"
968820074068021248,2018-02-28 12:08:00,28-02-2018 12:08:00,"Bom dia. Permaneço hoje em Santa Catarina. Estarei às 15h na Associação Empresarial de Xanxerê (Acix) e participarei de debate com professores e estudantes na Unoesc.

Participe!"
968475321589788672,2018-02-27 13:18:04,27-02-2018 13:18:04,"Bom dia! Nesta terça-feira vou ao município de Caçador, em SC. Às 16h participarei de um encontro com empresários na Associação Empresarial de Caçador (ACIC) e, às 19h, participo de debate com professores e estudantes na Universidade Alto Vale do Rio do Peixe (Uniarp) Participe!"
968087535254691841,2018-02-26 11:37:09,26-02-2018 11:37:09,"Vamos conversar sobre o Ceará e sobre o Brasil!

Participe! https://t.co/5j5LE1iod9"
966628877442469888,2018-02-22 11:00:58,22-02-2018 11:00:58,"Bom dia! Participo hoje, 18h, do II seminário das Câmaras Municipais e Vereadores de Minas Gerais. Vamos conversar sobre os desafios do Brasil e os reflexos nos municípios. 

O evento será na Câmara Municipal de Conceição do Mato Dentro (MG)."
964714670916501504,2018-02-17 04:14:35,17-02-2018 04:14:35,"Precisamos continuar a discutir este fato grave que foi a intervenção federal na segurança pública do Rio de Janeiro.
Luiz Eduardo Soares fala e me interpreta.
Representa o que penso. Vamos continuar conversando sobre isto. É importante!  https://t.co/ybqSif7nC6"
964636062432755712,2018-02-16 23:02:14,16-02-2018 23:02:14,"Nota completa: 
https://t.co/bxZpw6AWSe"
964632333910528002,2018-02-16 22:47:25,16-02-2018 22:47:25,"(...)Um jovem soldado morto pelas milícias, por policiais corruptos ou pelas falanges do narcotráfico e ou facções criminosas é fato comovente q podemos esperar ao se envolverem tropas sem nenhum treinamento em segurança pública. Torço muito que possa dar certo, mas duvido muito!"
964632036345569281,2018-02-16 22:46:14,16-02-2018 22:46:14,"(...)A corrupção no aparelho policial do Rio, e do Brasil vai procurar caminhos para se relacionar com o Exército. Repelir o inimigo é tarefa muito diferente de formar a culpa e condenar criminosos. (...)"
964631921820098566,2018-02-16 22:45:46,16-02-2018 22:45:46,(...) Faz tempo que nações poderosas querem que as forças de defesa de países como o Brasil abandonem sua missão institucional para se converterem em forças de segurança pública e combate ao narcotráfico. Não podemos aceitar isto! (...)
964631804778074114,2018-02-16 22:45:18,16-02-2018 22:45:18,"(...) Mas deve saber, com clareza, que sem os meios corretos, sem inovações institucionais profundas, sem uma convergência com um ministério publico e um poder judiciário muito diferentes do que temos, por media, sua tarefa corre muitos riscos (...)"
964631714416021504,2018-02-16 22:44:57,16-02-2018 22:44:57,"(...) O general a quem se atribuiu a penosa tarefa, Walter Braga Neto, é o que há de melhor em nossas forças armadas. Sério, competente e com elevado espírito publico, deve ter o apoio de todos nós (...)"
964631461096812544,2018-02-16 22:43:56,16-02-2018 22:43:56,(...) de facções criminosas organizadas e empoderadas por anos de conivência e omissões de governos dos principais estados brasileiros em sua origem(...)
964631140668669952,2018-02-16 22:42:40,16-02-2018 22:42:40,(...)anti-nacional e pela metástase da corrupção generalizada. Mas corresponde a uma súplica generalizada da sociedade brasileira que anda com medo e com justíssima queixa de seus governantes impotentes diante do crime e da violência banalizados e da crescente audácia (...)
964630838771159042,2018-02-16 22:41:28,16-02-2018 22:41:28,"(..)Biombo para o fracasso politico da malfadada reforma da previdência que de reforma nada tem, trata-se de uma aposta irresponsável num centro importante de irradiação politica para retirar da absoluta ilegitimidade politica um governo caracterizado por uma agenda anti-povo(..)"
964630464798576640,2018-02-16 22:39:59,16-02-2018 22:39:59,Não andam fáceis as coisas para os brasileiros. Em nenhuma área. Agora temos que  entender a intervenção federal na segurança pública no Rio de Janeiro. Ninguém duvide: a motivação é mesquinha e politiqueira (...)
963865246514470912,2018-02-14 19:59:17,14-02-2018 19:59:17,Quase completamente refeito da cirurgia no nariz (septo nasal) vi o desfile das escolas de samba do Rio de Janeiro. Me emocionei muito especialmente com até então modesta TUIUTI. Mas também Beija Flor e Mangueira. Deu vontade de gritar pro mundo ouvir: VIVA O POVO BRASILEIRO!
960936670102216704,2018-02-06 18:02:10,06-02-2018 18:02:10,"Temos que identificar os deputados que pensam em aprovar essa criminosa reforma da previdência. Ligue, mande e-mail, entre no facebook. Eles só conhecem uma linguagem: votou contra o povo, não vai ter voto na próxima eleição!

https://t.co/fWpbf10fyC"
960828774895013893,2018-02-06 10:53:25,06-02-2018 10:53:25,"A Lei criada por Caó é considerada a mais rigorosa do mundo para combater o racismo. Caó foi um lutador, sobrevivente da perseguição da ditadura e deixa sua marca eternizada na história como autor da ferramenta jurídica de combate ao racismo no Brasil.
https://t.co/CpEWcl5xrt"
956682003134414848,2018-01-26 00:15:38,26-01-2018 00:15:38,"Feliz aniversário, São Paulo! 

Terra que conecta a força e o espírito lutador de todos os brasileiros. Lugar onde a superação de quem trabalha e produz nos inspira a celebrar juntos novos caminhos a cada ano. https://t.co/UnJlfaU6Q4"
956487347616604160,2018-01-25 11:22:09,25-01-2018 11:22:09,"Nota: Ciro Gomes realizou na manhã desta quinta-feira (25/01), em Fortaleza, uma cirurgia do septo nasal para corrigir um desvio. Nada grave, mas que permitirá maior conforto respiratório. O procedimento foi realizado com sucesso. Ciro está bem e deve ficar 10 dias em recuperação"
956308969533952000,2018-01-24 23:33:20,24-01-2018 23:33:20,https://t.co/tXPtIieSoX
955903804741910529,2018-01-23 20:43:21,23-01-2018 20:43:21,"Junto com o presidente do PDT, Carlos Lupi, me reuni hoje com os amigos Paulo Câmara, governador de Pernambuco, e Geraldo Julio, prefeito do Recife. Participaram também os companheiros Wolney e Zé Queiroz.

Momento importante de reflexão sobre o Brasil.

Foto: Hélia Scheppa https://t.co/rudEEq7HPD"
955119975424983040,2018-01-21 16:48:42,21-01-2018 16:48:42,https://t.co/bP9pv6cHXy
952318386540818432,2018-01-13 23:16:11,13-01-2018 23:16:11,"Artigo de Cid Gomes para a Carta Capital.
""É preciso alertar ao nosso povo que este ajuntamento de corruptos se prepara para as eleições de 2018. Eles não vão querer largar o osso e usarão das piores táticas para fraudar ou impedir um pleito justo”. https://t.co/Yh6jEB3HxV"
947834559164567554,2018-01-01 14:19:03,01-01-2018 14:19:03,Uma mensagem de amor ao Brasil e aos irmãos e irmãs brasileiros. https://t.co/SDTgYF7acm
946363302552178689,2017-12-28 12:52:48,28-12-2017 12:52:48,"Enquanto isso, o golpe que nos governa planeja entregar petróleo, energia hidráulica e tudo o mais ao capital externo.  https://t.co/4BGXRj4CCv"
944880038712811520,2017-12-24 10:38:50,24-12-2017 10:38:50,Ótimo 2018 a todas e todos. Muita luz e luta!
944879960627601409,2017-12-24 10:38:32,24-12-2017 10:38:32,"(...) Em 2018, estarei com a mesma garra e disposição para ajudar o Brasil a pensar e desenvolver projetos e planos para voltar a crescer. Todo este esforço, meu e de todos vocês, certamente nos devolverão a democracia e uma esperança por um futuro melhor. (...)"
944879891929026560,2017-12-24 10:38:15,24-12-2017 10:38:15,"(...) Por curiosidade também fiz um levantamento por alto de quantos quilômetros rodei neste ano. Posso dizer que chega a cerca de 400 mil quilômetros, o que daria para dar a volta na terra 10 vezes. (...)"
944879599514804225,2017-12-24 10:37:06,24-12-2017 10:37:06,"(...) Com isso tudo, posso dizer que foram mais de mil horas de debates (não por acaso, no meu último evento, em João Pessoa, na Paraíba, minha voz resolveu falhar um pouco…). (…)"
944879556221128704,2017-12-24 10:36:55,24-12-2017 10:36:55,"(...) São professores, estudantes e profissionais, das mais diversas áreas, que querem que o Brasil volte para o rumo do desenvolvimento e da redução da desigualdade. (…)"
944879494560669696,2017-12-24 10:36:41,24-12-2017 10:36:41,"(...) Todo este esforço me permitiu conhecer valorosas pessoas que hoje me ajudam a consolidar uma proposta de projeto nacional de desenvolvimento ainda mais afinado com a realidad
e do país e com os anseios da população brasileira. (…)"
944879435953647616,2017-12-24 10:36:27,24-12-2017 10:36:27,(...) Este trabalho é fundamental para propagar ideias mas também combater notícias falsas disseminadas por grupelhos golpistas e criminosos financiados internacionalmente. (…)
944879385701748738,2017-12-24 10:36:15,24-12-2017 10:36:15,"(...) Com o auxílio das redes sociais, todas as nossa ideias e debates chegaram a milhões de pessoas. Sem gastar um centavo, mas com o trabalho incansável de uma juventude guerreira e apaixonada pelo Brasil, posso dizer que jamais recebi tanto apoio quanto recebo hoje. (…)"
944879335793676288,2017-12-24 10:36:03,24-12-2017 10:36:03,(...) Em complemento também concedi algumas centenas de entrevistas para a imprensa e para mestrandos e doutorandos que estão dedicados a pensar e desenvolver teoria e prática sobre o Brasil. (…)
944879285810225152,2017-12-24 10:35:51,24-12-2017 10:35:51,"(...) Tb tive o privilégio, ao lado do presidente do PDT, Carlos Lupi, de rodar o Brasil acompanhando as atividades, convenções e filiações do nosso partido. Em 2017 milhares de mulheres e homens, jovens e adultos, decidiram entrar para o PDT e seguir conosco na luta. (…)"
944879234799095808,2017-12-24 10:35:39,24-12-2017 10:35:39,"(...) Além disso, participei de debates em associações, sindicatos, centrais sindicais, federações das industrias e ONGs que totalizam mais cerca de 25 mil pessoas interessadas em pensar o Brasil. (…)"
944879184710692864,2017-12-24 10:35:27,24-12-2017 10:35:27,"(...) No total, estive em 43 universidades brasileiras (algumas mais de uma vez) e mais sete universidades de fora do Brasil (Pequim, Paris, Barcelona, Lisboa, Coimbra, Oxford e Pensilvania) . Somente na academia, pude debater com cerca de 35 mil estudantes e professores. (…)"
944879130998435848,2017-12-24 10:35:14,24-12-2017 10:35:14,"(...) Para mim, foi um ano de muito aprendizado e, por isso, decidi fazer um balanço de por onde andei e com quantas pessoas tive o prazer de debater e conversar sobre um novo plano nacional de desenvolvimento para o Brasil. (…)"
944879058403446784,2017-12-24 10:34:57,24-12-2017 10:34:57,Este ano de 2017 foi de muita luta contra os desmandos do governo golpista. Mas foi também um ano que debatemos os motivos que nos levaram para esta crise que maltrata o nosso país e as saídas para ela. (…)
942911593704251393,2017-12-19 00:16:57,19-12-2017 00:16:57,Em João Pessoa (PB). https://t.co/GAgpmpXBvt
942840792716120069,2017-12-18 19:35:36,18-12-2017 19:35:36,Debate sobre o Brasil em Campina Grande (PB). https://t.co/0iPVqTLHhi
942733571235696640,2017-12-18 12:29:33,18-12-2017 12:29:33,"Bom dia! Pousei agora em João Pessoa (PB).

Vou participar de dois eventos: 14h em Campina Grande e 19h30 em João Pessoa.

Participe!! https://t.co/sYnTVChrGw"
942497776335810562,2017-12-17 20:52:35,17-12-2017 20:52:35,Meu amigo Mangabeira Unger agora também está no Twitter. Siga: @mangabeiraunger
940573563706322944,2017-12-12 13:26:27,12-12-2017 13:26:27,"Hoje, 12/12, 20h30 (horário de Brasília), farei uma Live no meu facebook (https://t.co/IhX6RkvkcH) para conversar com vocês! 

Participe! https://t.co/4HRWG4TMEA"
940162266523209728,2017-12-11 10:12:06,11-12-2017 10:12:06,"Bom dia! Hoje é dia de debater sobre o futuro do Brasil com a brava gente de Santos (SP). Será no auditório da UNISANTA, às 20h.
Participe!"
939858811170578432,2017-12-10 14:06:16,10-12-2017 14:06:16,"Nesta segunda-feira (11/12), às 20h, estarei na UNISANTA em Santos (SP). 

Participe!! https://t.co/k0OGEXvobp"
939810697059487744,2017-12-10 10:55:05,10-12-2017 10:55:05,"Bom dia! Já estou a caminho de Jundiaí (SP) para convenção do PDT, que será realizada na Câmara Municipal às 9h30.

Até já!"
938819419433730048,2017-12-07 17:16:06,07-12-2017 17:16:06,"Não é por acaso que nos índices de educação IDEB (77 das 100 melhores escolas do Brasil) e IOEB (12 dos 30 melhores municípios), o Ceará se destaca. Isso é possível graças ao trabalho incansável de toda a comunidade escolar, prioridade da sociedade e coesão política. #educação"
938817634124124160,2017-12-07 17:09:01,07-12-2017 17:09:01,"“Os municípios do Ceará, que já haviam se destacado na 1ª edição do índice, aumentaram seu domínio no topo do ranking. Entre as 30 cidades mais bem colocadas em 2015, 5 eram do Estado nordestino. Neste ano, esse número saltou para 12. Sobral repetiu a primeira colocação geral” https://t.co/EWu2TSj95p"
938816976692154369,2017-12-07 17:06:24,07-12-2017 17:06:24,"“Os municípios do Ceará, que já haviam se destacado na 1ª edição do índice, aumentaram seu domínio no topo do ranking. Entre as 30 cidades mais bem colocadas em 2015, 5 eram do Estado nordestino. Neste ano, esse número saltou para 12"". https://t.co/WuSSM2oNDI"
938342750562463744,2017-12-06 09:41:59,06-12-2017 09:41:59,"Bom dia! Estarei hoje, 10h, na bela Natal (RN) para debate na Unifacex.
Participe!"
935451023421952000,2017-11-28 10:11:18,28-11-2017 10:11:18,"Bom dia. Concedo entrevista #aovivo hoje, 19h20, para a jornalista Maria Lydia, na TV Gazeta de São Paulo.
Acompanhe! https://t.co/BbcZuPtUhh"
931570097008861185,2017-11-17 17:09:53,17-11-2017 17:09:53,"Ontem meu filho Gael completou dois anos. Dia de de alegria e rock! 🙂❤️🎸🥁🎼

Foto: Ciro Saboya https://t.co/qykJoKDjXs"
930049827127296000,2017-11-13 12:28:52,13-11-2017 12:28:52,"Lançamento da décima edição da Revista Nacional, de @jotaerreduran na qual tive o privilégio de ser fotografado e entrevistado. 
Participo de Debate com o próprio Duran, com o filósofo @lf_ponde e com o professor Bueno, da FAAP. https://t.co/Q5iBw8KUCA"
929879754538409990,2017-11-13 01:13:04,13-11-2017 01:13:04,"Nesta segunda participarei de um debate às 9h30 na FAAP. No fim da tarde, 19h, participarei de debate na UNIMEP, em Piracicaba. 
Na terça, 11h, estarei em Americana para evento com a Confederação dos Servidores Públicos. No mesmo dia, 19h, estarei na Unar, em Araras. Participe!"
929695205783154688,2017-11-12 12:59:44,12-11-2017 12:59:44,"Dia começa com entrevista para Léo Ladeia, da Rede TV de Porto Velho (RO). Programa irá ao ar amanhã, 20h (horário local).
Logo mais participo da Convenção Estadual do PDT de Rondônia, com Acir Gurgacz e Carlos Lupi. https://t.co/IOQEbKOe6c"
929507764841406466,2017-11-12 00:34:55,12-11-2017 00:34:55,"Dia animado hoje! 😄
Fortaleza (CE) - São Paulo (SP) - Campo Grande (MS) - Cuiabá (MT) - Porto Velho (RO). https://t.co/orH54fx30b"
929387187984109568,2017-11-11 16:35:47,11-11-2017 16:35:47,"Com juiz Odilon, filiado hoje ao PDT do Mato Grosso do Sul, presidente Carlos Lupi e deputado Dagoberto Nogueira. https://t.co/khVIm8TAAB"
929058397516943360,2017-11-10 18:49:17,10-11-2017 18:49:17,"Por muitos anos tive a honra de poder conviver de perto com Frei Damião, frade que fez muito pelo nordeste brasileiro. Seus ensinamentos são atuais para o nosso país. Sua luta ainda é inspiradora. Esta foto foi tirada quase 30 anos atrás, no município de Salitre, no CE. 
#memória https://t.co/XuWV1Fv5Tu"
928299058745180163,2017-11-08 16:31:57,08-11-2017 16:31:57,Ontem me reuni com a diretoria da Associação Nacional dos Auditores Fiscais da Receita Federal do Brasil (ANFIP). Momento importante para discutirmos reformas tributária e fiscal. https://t.co/YJ2NAHOcoa
927905454960898048,2017-11-07 14:27:54,07-11-2017 14:27:54,"RT @tvebahia: Hoje (07) tem TVE Entrevista Especial com @cirogomes e @Bob_Fernandes. Às 21h (horário local de Salvador), na TV e internet.…"
927527774298038273,2017-11-06 13:27:08,06-11-2017 13:27:08,"Mto obrigado pelas mensagens que venho recebendo pelos 60 anos que completo hj. Na foto, o abraço de minha neta e que transmito a vocês! ☺️🙂 https://t.co/2cOLVcNQtz"
926103490727960576,2017-11-02 15:07:33,02-11-2017 15:07:33,"UEFS, ontem. Maravilhoso! Obrigado a todas e todos! https://t.co/pXIDlRI3Ws"
925859746678300674,2017-11-01 22:58:59,01-11-2017 22:58:59,"Quarta, 20h, véspera de feriado, e mais de 2 mil jovens participando de debate sobre o Brasil na Univ Est de Feira de Santana. Emocionante! https://t.co/ZAPEefAQhM"
925844453482516480,2017-11-01 21:58:13,01-11-2017 21:58:13,Tudo pronto para iniciar debate na Universidade Estadual de Feira de Santana. Acompanhe em instantes #aovivo pelo https://t.co/IhX6RkvkcH https://t.co/lgxkqNyisD
925821228518166528,2017-11-01 20:25:56,01-11-2017 20:25:56,Chegarei em instantes na Universidade Estadual de Feira de Santana para debate com professores e estudantes. Participe!
925820768042315776,2017-11-01 20:24:06,01-11-2017 20:24:06,Boa conversa hoje com  @jaqueswagner sobre o Brasil e sobre a Bahia. https://t.co/Ig9nynFY71
925668378282528768,2017-11-01 10:18:34,01-11-2017 10:18:34,"Estarei hoje, 18h, na Universidade Estadual de Feira de Santana. Participe! https://t.co/pUT38VSqv3"
925459192852504577,2017-10-31 20:27:20,31-10-2017 20:27:20,Entrevista vai ao ar na próxima segunda-feira (06/11). Acompanhe! https://t.co/VTTePH0DUS
923679189013803009,2017-10-26 22:34:14,26-10-2017 22:34:14,Programa do PDT agora em cadeia nacional! Acompanhe!
923617647421526016,2017-10-26 18:29:41,26-10-2017 18:29:41,"RT @PDT_Nacional: Acompanhe hoje o Programa Nacional do PDT. Logo após, participe da Live com Ciro Gomes, no Facebook do PDT. https://t.co/…"
923520089806303232,2017-10-26 12:02:02,26-10-2017 12:02:02,Em uma democracia ninguém é maior do que o povo. Muito menos ninguém tem o direito de substituir o povo na decisão do seu próprio destino. https://t.co/kGC7PIuKAp
923519647076573184,2017-10-26 12:00:16,26-10-2017 12:00:16,Anotaram os nomes daqueles que votaram para livrar a quadrilha? Quem protege a corrupção é contra o povo!
923161707329085440,2017-10-25 12:17:57,25-10-2017 12:17:57,Fora da política não há solução. https://t.co/IMt3Enkifo
915176291191721986,2017-10-03 11:26:45,03-10-2017 11:26:45,Entrevista concedida para o jornalista Kennedy Alencar. Confira na íntegra.  https://t.co/NCBNFSW5o8
914798343049682944,2017-10-02 10:24:55,02-10-2017 10:24:55,"Entrevista concedida ao jornal A Tarde, da Bahia.
https://t.co/ZGblgJHY9X"
913040339203739648,2017-09-27 13:59:14,27-09-2017 13:59:14,Atenção: O golpista vende hj blocos para exploração de petróleo e gás. Detalhe: sem conteúdo nacional. É um ataque ao futuro do Brasil! https://t.co/XU94J9ip8w
912675289435705344,2017-09-26 13:48:40,26-09-2017 13:48:40,Obrigado a todos do @TwitterBrasil e a todos vocês que enviaram perguntas! https://t.co/XKUdAYcENk
912674500990373888,2017-09-26 13:45:32,26-09-2017 13:45:32,.@leandromota_ #pergunteaociro https://t.co/m3c5D23k14
912674164582027264,2017-09-26 13:44:12,26-09-2017 13:44:12,"RT @leandromota_: @cirogomes, você já usou o seu próprio meme para responder a alguém? #pergunteaociro https://t.co/btpCChW7rN"
912673650519810048,2017-09-26 13:42:09,26-09-2017 13:42:09,.@chamberlain55 #pergunteaociro https://t.co/sMqZWPsVNI
912673068342038529,2017-09-26 13:39:50,26-09-2017 13:39:50,.@JonasNggv #pergunteaociro https://t.co/kumcYprDG2
912672560898347008,2017-09-26 13:37:49,26-09-2017 13:37:49,.@francinesju #pergunteaociro https://t.co/h49GhVkldW
912671968566157312,2017-09-26 13:35:28,26-09-2017 13:35:28,.@leogamaadv https://t.co/g4eNpekMrb
912671431560974337,2017-09-26 13:33:20,26-09-2017 13:33:20,.@guilhermececbh #pergunteaociro https://t.co/WZzO2VL5wW
912671002223661056,2017-09-26 13:31:38,26-09-2017 13:31:38,.@GangBangReverso #pergunteaociro https://t.co/KQZ1w3UP98
912670593492951043,2017-09-26 13:30:00,26-09-2017 13:30:00,.@Egrailsonsilva #pergunteaociro https://t.co/AHSwBC9FMv
912670185282244609,2017-09-26 13:28:23,26-09-2017 13:28:23,.@fckalltoowell #pergunteaociro https://t.co/3mdwrryWjO
912669874102702085,2017-09-26 13:27:09,26-09-2017 13:27:09,.@paronuso #pergunteaociro https://t.co/aHLZrKuPmd
912669368781348875,2017-09-26 13:25:08,26-09-2017 13:25:08,.@MANDRAKE2055 #pergunteaociro https://t.co/ZYiMFic7kQ
912668673860624384,2017-09-26 13:22:23,26-09-2017 13:22:23,.@cbvictor #pergunteaociro https://t.co/deEYL3P85z
912668031217815552,2017-09-26 13:19:49,26-09-2017 13:19:49,.@danilo_ams #pergunteaociro https://t.co/RRnvA6pdR1
912667525292359680,2017-09-26 13:17:49,26-09-2017 13:17:49,.@rafaelbrasilcal #pergunteaociro https://t.co/2FYL3XvAi5
912667108982558726,2017-09-26 13:16:09,26-09-2017 13:16:09,.@rei_freitas https://t.co/kGFOBqiR83
912666730362757120,2017-09-26 13:14:39,26-09-2017 13:14:39,.@TadeuGimenez #pergunteaociro https://t.co/A5CE39R4cl
912666416834338822,2017-09-26 13:13:24,26-09-2017 13:13:24,.@ralexss #pergunteaociro https://t.co/0zMkKa6ZXf
912666113594597376,2017-09-26 13:12:12,26-09-2017 13:12:12,.@mrgusvieira #pergunteaociro https://t.co/uzrRSEqzAm
912665870425567235,2017-09-26 13:11:14,26-09-2017 13:11:14,.@MarceloSkrull #pergunteaociro https://t.co/QjX6fLyWjG
912665502392160256,2017-09-26 13:09:46,26-09-2017 13:09:46,.@jcristianod #pergunteaociro https://t.co/FoJlkHkLKo
912664349352833025,2017-09-26 13:05:12,26-09-2017 13:05:12,.@WagnerrLima #pergunteaociro https://t.co/XWIxO9CfEP
912663373862572032,2017-09-26 13:01:19,26-09-2017 13:01:19,.@AdriBoeck https://t.co/uGFuXVIina
912663000892497920,2017-09-26 12:59:50,26-09-2017 12:59:50,.@warleijunior #pergunteaociro https://t.co/SdGuKJTsXE
912662346539167744,2017-09-26 12:57:14,26-09-2017 12:57:14,"Estou aqui no Twitter em São Paulo , respondendo perguntas de quem quiser participar #pergunteaociro https://t.co/txfKw5YA15"
912662184131465216,2017-09-26 12:56:35,26-09-2017 12:56:35,.@e_v_0 #pergunteaociro https://t.co/Qc9Ls3cZtX
912661601261629440,2017-09-26 12:54:16,26-09-2017 12:54:16,.@andremd13 #pergunteaociro https://t.co/6xCPaiSIaa
912660898082430976,2017-09-26 12:51:29,26-09-2017 12:51:29,.@maisum_matheus #pergunteaociro https://t.co/bCrOWeXvju
912659871987912704,2017-09-26 12:47:24,26-09-2017 12:47:24,.@edvanmfs https://t.co/2nbx6G5jMd
912659262802980864,2017-09-26 12:44:59,26-09-2017 12:44:59,.@justakissbr #pergunteaociro https://t.co/ztusae4mJS
912658984414441473,2017-09-26 12:43:52,26-09-2017 12:43:52,.@josedamascenoj #pergunteaociro https://t.co/DmfGY4nsI8
912657993967206400,2017-09-26 12:39:56,26-09-2017 12:39:56,.@fbriguiet #pergunteaociro https://t.co/PWaUfeIWes
912656395014672384,2017-09-26 12:33:35,26-09-2017 12:33:35,.@correa_mcs https://t.co/cWzHItQwO8
912655270819573760,2017-09-26 12:29:07,26-09-2017 12:29:07,.@cidus #pergunteaociro https://t.co/Mb0A0RzpVf
912654577920602112,2017-09-26 12:26:22,26-09-2017 12:26:22,Já estou na sede do Twitter. Mandem suas perguntas com a #pergunteaociro https://t.co/L3zVIdMZtG
912650704472428545,2017-09-26 12:10:58,26-09-2017 12:10:58,"Bom dia! Logo mais estarei na sede do @TwitterBrasil em SP para conversar com vocês! Mande perguntas com a #pergunteaociro.
Participe!"
912270446472638464,2017-09-25 10:59:58,25-09-2017 10:59:58,"Bom dia! Mudança de horário: Amanhã, terça-feira, 9h, estarei na sede do @TwitterBrasil #aovivo. Mande sua pergunta com a #pergunteaociro"
911418194753179653,2017-09-23 02:33:25,23-09-2017 02:33:25,E aí pessoal? O que acharam da entrevista com @mariana_godoy ? Mandem suas impressões e críticas! 😊
911377232098144256,2017-09-22 23:50:39,22-09-2017 23:50:39,https://t.co/MkG5YYuPaW
911365531353145345,2017-09-22 23:04:09,22-09-2017 23:04:09,"Logo mais, 22h20, #aovivo com @mariana_godoy https://t.co/OSYOYq06wv"
910852046869450753,2017-09-21 13:03:45,21-09-2017 13:03:45,"Amanhã, 22h15, #aovivo com @mariana_godoy  Acompanhe! https://t.co/kzF7zzn3JK"
910847925844156416,2017-09-21 12:47:22,21-09-2017 12:47:22,"Na próxima terça-feira, 11h, estarei na sede do @TwitterBrasil para conversar com vocês #aovivo. Mande sua pergunta com a #pergunteaociro"
910083187619061760,2017-09-19 10:08:35,19-09-2017 10:08:35,Nesta sexta-feira (22/09) estarei #aovivo no #MarianaGodoyEntrevista  com @mariana_godoy. Ótima oportunidade de falar sobre o Brasil!
910082192797241344,2017-09-19 10:04:37,19-09-2017 10:04:37,RT @mariana_godoy: E @cirogomes é o primeiro! Participe usando a hashtag #MarianaGodoyEntrevista https://t.co/kaxzHghknR
907755251910017024,2017-09-12 23:58:11,12-09-2017 23:58:11,O processo da política brasileira se degradou de forma tal que mesmo os remédios da Constituição estão obstruídos pela corrupção. https://t.co/wAnS4yyOJY
901407614789197824,2017-08-26 11:34:57,26-08-2017 11:34:57,"(...) Não podemos tolerar esse crime que ameaça floresta, rios e populações tradicionais!"
901407503052931072,2017-08-26 11:34:30,26-08-2017 11:34:30,(...)Está entregando sem qualquer discussão aos interesses estrangeiros uma reserva nacional colocando em risco a Amazônia(...)
901407257589624832,2017-08-26 11:33:32,26-08-2017 11:33:32,A atitude de vendilhão do golpista Michel Temer não tem limites (...)
901065257094856704,2017-08-25 12:54:32,25-08-2017 12:54:32,"Debate sobre a reforma trabalhista com os min do TST, Maria Helena Mallman e Gelson de Azevedo, e do pres da ANTP, Ângelo Fabiano da Costa https://t.co/sxHtV06IcO"
900887542245011458,2017-08-25 01:08:22,25-08-2017 01:08:22,"Os EUA cobram 40% de imposto sobre heranças. Aqui, RS, RJ e MG, Estados quebrados, cobram apenas 4%. O CE, equilibrado, cobra 8%."
900716506773958656,2017-08-24 13:48:44,24-08-2017 13:48:44,"Hoje, 19h, vou debater as alternativas para o Brasil com a brava gente do Rio Grande do Sul na Unisinos, em São Leopoldo (RS). 
Participe!"
900154114079961089,2017-08-23 00:33:59,23-08-2017 00:33:59,A passividade do nosso povo neste momento não é despolitização. É depressão. Está machucado.  Precisamos recuperar a esperança na luta.
900138816761208836,2017-08-22 23:33:12,22-08-2017 23:33:12,"É inadmissível que entreguem a Eletrobrás, responsável pela gestão da energia do Brasil, para o capital privado, ainda mais estrangeiro."
900136930901413889,2017-08-22 23:25:42,22-08-2017 23:25:42,O Brasil não cabe nessa divisão odienta entre coxinhas e mortadelas. O Brasil é muito maior que essa disputa mesquinha de PSDB e PT.
899952439364915204,2017-08-22 11:12:36,22-08-2017 11:12:36,"Vou hoje a Chapecó (SC). Entre as atividades participarei de um debate com professores e estudantes, 19h30, na Univ Fed Fronteira Sul (UFFS)"
898894061075132417,2017-08-19 13:06:59,19-08-2017 13:06:59,"Juventude brasileira na luta democrática, no debate sério e na formulação de projeto para o país -não de poder - é que vai resgatar o Brasil"
898892714728718338,2017-08-19 13:01:38,19-08-2017 13:01:38,"Corro o risco de ser mal compreendido, mas jamais deixarei de denunciar, como faço há décadas, os bandidos que assaltam o poder brasileiro."
898888441928179712,2017-08-19 12:44:39,19-08-2017 12:44:39,"Parte da quadrilha do PMDB já está na cadeia. Assim que retomarmos o poder das mãos desses golpistas, outra parte vai para a cadeia também."
898886597235441664,2017-08-19 12:37:19,19-08-2017 12:37:19,"O PMDB virou um câncer para o Brasil. O mais grave é que a briga entre PT e PSDB, por não dialogarem, é que acabou produzindo esse monstro."
898880890201231360,2017-08-19 12:14:39,19-08-2017 12:14:39,"Entrevista #aovivo para TV Difusora, de São Luís (MA). Acompanhe!
https://t.co/o1W7FCma8A"
898714917879955456,2017-08-19 01:15:08,19-08-2017 01:15:08,Reunido com a Juventude Socialista do PDT. Moçada de luta! https://t.co/t4HyUxHtUe
898655666000109568,2017-08-18 21:19:41,18-08-2017 21:19:41,Com o amigo governador @FlavioDino em debate sobre o Brasil. https://t.co/0dgmGYOl81
898538419793559552,2017-08-18 13:33:47,18-08-2017 13:33:47,@e_v_0 É um debate importante que tenho feito 😉 https://t.co/R2eing5Jma
898529573268279301,2017-08-18 12:58:38,18-08-2017 12:58:38,"Hoje, 20h, tb no MA, me reunirei com Carlos Lupi e com a Juventude do PDT. Feliz de poder me encontrar com essa garotada cheia de garra. https://t.co/gcy91o8pNY"
898507601255727105,2017-08-18 11:31:20,18-08-2017 11:31:20,"Participo hoje, junto com meu amigo governador @FlavioDino, da Semana do Economista, em São Luís (MA).
Participe! https://t.co/4Q5ehsnBXJ"
897951165752762369,2017-08-16 22:40:15,16-08-2017 22:40:15,Ciro Gomes debate com professores e estudantes na USP de São Carlos. https://t.co/w8y3U17GCy
896209812173795328,2017-08-12 03:20:44,12-08-2017 03:20:44,"Confira a reportagem sobre a melhor educação do Brasil: Sobral, no Ceará. https://t.co/XyRiJES9Vs"
896209593646370821,2017-08-12 03:19:52,12-08-2017 03:19:52,"(..)Como disse a pesquisadora Ilona Becskehazy, é possível levar para todo o Brasil. É preciso decisão política e muito trabalho."
896209379007102977,2017-08-12 03:19:01,12-08-2017 03:19:01,(..) Cid se tornou governador e levou a experiência para todo Estado. Resultado: hoje 77 das 100 melhores escolas do Brasil estão no Ceará.
896209235125600256,2017-08-12 03:18:27,12-08-2017 03:18:27,"(..)Há 20 anos, com Cid Gomes na prefeitura, medidas foram tomadas: decisão política, parceria com professores e engajamento com a sociedade"
896208788600086528,2017-08-12 03:16:40,12-08-2017 03:16:40,"O Globo Repórter mostrou hoje a melhor educação do Brasil. É a de Sobral, minha cidade, no sertão do Ceará (...)"
896165564867002368,2017-08-12 00:24:55,12-08-2017 00:24:55,O golpe desmoralizou as instituições de tal forma que hoje Brasília virou um ninho de cobras.É um antro de traidores https://t.co/X7rzCYFbr0
895808404928770048,2017-08-11 00:45:41,11-08-2017 00:45:41,"Noite especial com Trajano, Laura, Natalia, e José Roberto de Toledo. Agradeço o debate e a profundidade das reflexões sobre o Brasil. https://t.co/lnmxdbNVTq"
895767319170908162,2017-08-10 22:02:26,10-08-2017 22:02:26,Acompanhe! Ao Vivo! https://t.co/QyxuTUUtf1
895751717593251841,2017-08-10 21:00:26,10-08-2017 21:00:26,Agradeço ao El Pais a qualidade desta entrevista. https://t.co/kCix56LqgD
895671482482802688,2017-08-10 15:41:36,10-08-2017 15:41:36,"Hj 19h #aovivo com Trajano, Laura Carvalho, Natalia Viana e José Roberto de Toledo https://t.co/YLEUDdf62K ou https://t.co/wCIUMio2PL"
895622415639654400,2017-08-10 12:26:38,10-08-2017 12:26:38,"Adiantei ontem, no Programa Pânico da Jovem Pan, que o Congresso iria aprovar o chamado ""Distritão"". Vejam quem perde com isso. https://t.co/wxBwLEicwL"
895332039041220608,2017-08-09 17:12:47,09-08-2017 17:12:47,"Estive agora no Programa Pânico da Radio Jovem Pan, em SP. Quase 2 horas de um bom debate sobre o Brasil. Agradeço a todos pela oportunidade https://t.co/lGvJKBF7Vn"
895250239082377216,2017-08-09 11:47:44,09-08-2017 11:47:44,Muito feliz de poder reencontrar o amigo @FlavioDino em evento para refletirmos sobre o Brasil! https://t.co/tib6PbhN3h
895084328765534208,2017-08-09 00:48:28,09-08-2017 00:48:28,"Nesta quarta (09/08), às 12h, concederei entrevista ao Programa Pânico, da Radio Jovem Pan. Ótima oportunidade para falarmos sobre o Brasil."
894874382966902784,2017-08-08 10:54:13,08-08-2017 10:54:13,"Bom dia! Hoje, 19h, participarei de debate com professores e estudantes na Faculdade de Direito Milton Campos, em Nova Lima (MG).
Acompanhe!"
893587663973953538,2017-08-04 21:41:15,04-08-2017 21:41:15,"NA SALA DO ZÉ! Quinta-feira, 10 de agosto, 19h. Acompanhe no Facebook e no youtube do @Ultrajanoze 
Não perca! https://t.co/HQp5p7UuvI"
893579049821507584,2017-08-04 21:07:02,04-08-2017 21:07:02,"""Se alguém perguntar por mim
Diz que eu fui por aí
Levando um violão
Debaixo do braço""

Luiz Melodia

https://t.co/zp9vPhaPWS"
893195536660135936,2017-08-03 19:43:05,03-08-2017 19:43:05,"Para entendermos o que está acontecendo com o Brasil.

Vídeo de abril de 2016. https://t.co/npXnHmfB2X"
893066517914546176,2017-08-03 11:10:24,03-08-2017 11:10:24,"Como venho alertando há muitos anos...
https://t.co/By17nuPbRq https://t.co/E2lWWNgBCw"
892869147436216320,2017-08-02 22:06:08,02-08-2017 22:06:08,"Se o congresso livrar o golpista hoje, devemos continuar na luta. Outras denúncias devem vir ainda mais pesadas contra ele. FORA TEMER https://t.co/JnLr4o5DCc"
890712368300384259,2017-07-27 23:15:51,27-07-2017 23:15:51,"Reunido nesta noite com agricultores familiares durante o II Congresso Estadual da agricultura Familiar do Ceará. Lutar, avançar e produzir! https://t.co/PSnxFRvwI6"
890254378388553728,2017-07-26 16:55:58,26-07-2017 16:55:58,"Farei hoje, às 19h, uma Live no https://t.co/IhX6RkvkcH
Hora boa de conversar diretamente com vocês! Participe!
Até logo!"
889594310651281408,2017-07-24 21:13:06,24-07-2017 21:13:06,Imprensa noticia só hoje o que venho alertando há mto tempo. Zero em investimento e 11% do PIB para juros. Setor rentista manda no Brasil hj https://t.co/pXLZbkKBaL
888508592512303104,2017-07-21 21:18:50,21-07-2017 21:18:50,Ontem foi dia de ouvir o melhor da música brasileira com a maravilhosa @alcione_marrom Prazer enorme rever tb Marco Nanini e Heraldo Pereira https://t.co/AZIT0nhNx9
888381197637885954,2017-07-21 12:52:37,21-07-2017 12:52:37,"Golpistas mentiram despudoradamente para a população brasileira. Eu já alertava ano passado, como nesta entrevista para Mário Sérgio Conti. https://t.co/hkEPsjOvYl"
888022031048085504,2017-07-20 13:05:25,20-07-2017 13:05:25,"Como eu dizia, o governo golpista resolveu mostrar as caras e, depois de muito tempo querendo enganar a população, aumentará impostos. https://t.co/zCoJzheUdY"
887836393321500674,2017-07-20 00:47:46,20-07-2017 00:47:46,"Ele vai entrar numa fila que tem Cunha, q já está na cadeia. O Temer que me processou e todo mundo está vendo quem é
https://t.co/l2rMBwsZYZ"
887786501626613766,2017-07-19 21:29:30,19-07-2017 21:29:30,"Chega a ser criminoso este ""gestor""! https://t.co/kz51YXBnHc"
887641316498255872,2017-07-19 11:52:36,19-07-2017 11:52:36,"Primeiramente...
Bom dia! https://t.co/Eq4X4I07o9"
887311062521044994,2017-07-18 14:00:17,18-07-2017 14:00:17,"Falamos de política, economia, crise, reformas, combate à corrupção. Mas sem perder o bom humor. Obrigado UFG! https://t.co/10FbYr9wQR"
887076773103624192,2017-07-17 22:29:18,17-07-2017 22:29:18,"Logo mais, 20h, estarei com estudantes de economia do Brasil todo na UFG, em Goiânia."
887076137683300357,2017-07-17 22:26:46,17-07-2017 22:26:46,"RT @PDT_Nacional: ""Deformação Trabalhista e o retorno à República"", em artigo, Carlos Lupi avalia  a aprovação da reforma trabalhista. http…"
885284888982802434,2017-07-12 23:48:59,12-07-2017 23:48:59,O Brasil vive um momento muito grave e muito triste. https://t.co/wiys4zduf8
884926352486535168,2017-07-12 00:04:18,12-07-2017 00:04:18,"#aovivo Neste dia de mais um golpe contra o povo brasileiro, falo em evento da CSB. A luta continua! https://t.co/ksj59koNVC"
884847746351497217,2017-07-11 18:51:57,11-07-2017 18:51:57,"Ao vivo no O Popular, de Goiânia.
https://t.co/NZT6ZDColr"
884837702700498944,2017-07-11 18:12:02,11-07-2017 18:12:02,Ao vivo na CBN Goiânia. https://t.co/sqKuvhXbZ9
884765505051131905,2017-07-11 13:25:09,11-07-2017 13:25:09,Vamos ajudar nesta luta! https://t.co/yvfnfKOJto
884576637748228097,2017-07-11 00:54:39,11-07-2017 00:54:39,"(...) Minha equipe são vocês, aqueles que querem uma mudança verdadeira para o Brasil.
https://t.co/GSumKCpj6c"
884576422945325056,2017-07-11 00:53:48,11-07-2017 00:53:48,(...)ñ conto com profissionais para ganhar seguidores robotizados. O propósito é estimular pensamento sobre o Brasil https://t.co/GSumKCpj6c
884575495643426816,2017-07-11 00:50:07,11-07-2017 00:50:07,(...)Esta foto é de 82 e coloco para ilustrar que até o pessoal de futebol pode se organizar para discutir política 😉https://t.co/GSumKCpj6c https://t.co/nqZs8US11Q
884505110541369344,2017-07-10 20:10:26,10-07-2017 20:10:26,"(...)O nosso povo sabe que somente com trabalho sério, franqueza e exemplo é que poderemos mudar o Brasil 
https://t.co/GSumKCpj6c"
884504640905252864,2017-07-10 20:08:34,10-07-2017 20:08:34,"(...)quem puder, participe de debates em suas cidades. Estimule a reflexão e não a apresentação de ideias milagrosas https://t.co/GSumKCpj6c"
884504269931630592,2017-07-10 20:07:05,10-07-2017 20:07:05,"(...)Mas somente com formação e muita luta conseguiremos fazer com que mais pessoas participem desse grande debate.
https://t.co/GSumKCpj6c"
884503229119246336,2017-07-10 20:02:57,10-07-2017 20:02:57,"(...)Não aparecerá um anjo que fará o trabalho de retomar o Brasil das mãos dos bandidos. Cabe ao povo essa tarefa
https://t.co/GSumKCpj6c"
884502760242257921,2017-07-10 20:01:05,10-07-2017 20:01:05,(...)tenho repetido que devemos usar o tempo possível para fazer uma reflexão sobre como chegamos a este ponto https://t.co/GSumKCpj6c
884500391639101440,2017-07-10 19:51:41,10-07-2017 19:51:41,"(...)Penso que o momento é de reflexão e luta pela Democracia. Estamos vivendo um tempo triste, desumano e perigoso. https://t.co/GSumKCpj6c"
884499412071964674,2017-07-10 19:47:47,10-07-2017 19:47:47,"Muitas pessoas têm me procurado para saber como ajudar, participar e divulgar o que venho debatendo em todo o Brasil https://t.co/GSumKCpj6c"
883314244929957888,2017-07-07 13:18:21,07-07-2017 13:18:21,Os tempos e a forma de fazer política eram outros 🙂mas o desejo e a força para trabalhar por um Brasil mais justo continuam os mesmos 😉 https://t.co/oSxawIKuIh
882387250876747776,2017-07-04 23:54:49,04-07-2017 23:54:49,Temos que nos indignar e lutar! Sempre! https://t.co/rELNW4hpeg
881125836690161665,2017-07-01 12:22:24,01-07-2017 12:22:24,"Fui recebido assim na universidade estadual de Maringá , no Paraná . É possível não morrer de amor pelo povo brasileiro? https://t.co/ShjSWgJbZS"
880935490295300100,2017-06-30 23:46:02,30-06-2017 23:46:02,"Debate com professores e estudantes na Unioeste, em Francisco Beltrão (PR). https://t.co/hL6pBgZmhk"
880529401070329856,2017-06-29 20:52:23,29-06-2017 20:52:23,"Logo mais, 20h, debate com professores e estudantes da Universidade Estadual de Maringá. Participe!"
880196391024312326,2017-06-28 22:49:07,28-06-2017 22:49:07,Entrevista para @revnacional que sairá na edição de outubro. Fotografia @jotaerreduran e reportagem Fernando Paiva. https://t.co/Obt9Bb97is
879824538703470592,2017-06-27 22:11:31,27-06-2017 22:11:31,Debate na Universidade Federal Fluminense com professores e estudantes. Todos na luta pelo Brasil. https://t.co/TdtPm4C8dU
879523901520457729,2017-06-27 02:16:53,27-06-2017 02:16:53,Mulheres da minha vida : filha e neta https://t.co/e8IfBdA4oa
878251338982801408,2017-06-23 14:00:10,23-06-2017 14:00:10,"Em apenas 10 anos o Ceará reduziu o analfabetismo de alunos do segundo ano de 32% para quase zero. 
https://t.co/wUO6cH1wdQ"
878046704498425856,2017-06-23 00:27:02,23-06-2017 00:27:02,Debate com o brilhante professor Mangabeira Unger. https://t.co/AuHlgpMfgZ
877590634810527744,2017-06-21 18:14:46,21-06-2017 18:14:46,RT @PDT_Nacional: Treze anos sem Leonel Brizola – legado deixado pelo ícone Trabalhista ainda inspira o PDT na luta pela democracia. https:…
877341343621799936,2017-06-21 01:44:11,21-06-2017 01:44:11,O mundo pratica hoje juro negativo. Nada justificativa termos no Brasil a maior taxa de juros do planeta. Nosso país é um país sangrado.
877336534915047424,2017-06-21 01:25:04,21-06-2017 01:25:04,"Se o governo paga por um papel mais lucro que o trabalho da economia real, essa economia para. Essa é a perversão do juro no Brasil."
877332252996325377,2017-06-21 01:08:03,21-06-2017 01:08:03,"Orçado para investimentos em 2017 pelo Gov Federal: 0,4% do PIB. Juros para bancos: 11% do PIB. Beneficia apenas 10 mil famílias abastadas."
876181561892368384,2017-06-17 20:55:37,17-06-2017 20:55:37,Para completar a tragédia brasileira: um gângster denunciando outro gângster de ser chefe de quadrilha. Vejam a que ponto chegamos.
876046586933129217,2017-06-17 11:59:17,17-06-2017 11:59:17,"Ato pelas diretas em Belo Horizonte.
#CONUNE https://t.co/st8H51t3bC"
875838502860185601,2017-06-16 22:12:26,16-06-2017 22:12:26,"Entrevista durante a#CONUNE, em Belo Horizonte (MG). https://t.co/dknezpGFsr"
875804125916778496,2017-06-16 19:55:49,16-06-2017 19:55:49,"Ciro Gomes, Bresser Pereira, Eleonora de Lucena, Carina Vitral e Manoel Dias, #aovivo, na #CONUNE.
https://t.co/PxW1lUnbHs"
875671554448863234,2017-06-16 11:09:02,16-06-2017 11:09:02,"Participo hoje, às 15h, durante o #CONUNE, do lançamento do projeto Brasil Nação.
Com Bresser Pereira, Carina Vitral e Eleonora de Lucena. https://t.co/4DkGDJcC1h"
874994213955489794,2017-06-14 14:17:31,14-06-2017 14:17:31,"Perdemos um grande homem de imprensa e eu, um amigo : JORGE BASTOS MORENO."
874303797169979395,2017-06-12 16:34:03,12-06-2017 16:34:03,Não é justo que policial ou professor tenha que trabalhar 49 anos para ter aposentadoria integral. Isso não existe em lugar nenhum do mundo!
874224082115538944,2017-06-12 11:17:18,12-06-2017 11:17:18,"No último sábado à noite estive em Recife, na UFPE. Política e saídas para as crises brasileiras na pauta.
Obrigado a todos! Vamos à luta! https://t.co/XAVnF78UkS"
873852617679671296,2017-06-11 10:41:14,11-06-2017 10:41:14,"Luto por eleições diretas, embora seja cético de que aconteça. Nós temos a pior composição do congresso que já vi em 38 anos de vida pública"
873731295423209477,2017-06-11 02:39:08,11-06-2017 02:39:08,"Essa coalizão de fisiologia, corrupção e apropriação da institucionalidade republicana para uso próprio, isso eu nunca vi parecido"
873513707959144448,2017-06-10 12:14:31,10-06-2017 12:14:31,"Participo hoje, às 17h, de debate com professores e estudantes na Universidade Federal de Pernambuco, em Recife. https://t.co/c4hvTTZiRG"
873193400748711936,2017-06-09 15:01:44,09-06-2017 15:01:44,"Com a juventude de São Paulo ontem no Salão do Livro Político. 
Lutando pelo Brasil! https://t.co/qGYj6liyoO"
872980382945292288,2017-06-09 00:55:17,09-06-2017 00:55:17,"""É necessário esquentar os protestos. No dia 30 temos q ir às ruas. Quem sabe, consigamos um milagre contra essa tragédia q estamos vivendo"" https://t.co/LxedhYG8OD"
872952243456290818,2017-06-08 23:03:28,08-06-2017 23:03:28,"#Aovivo Debate no Salão do Livro Politico, na PUC - SP. Acompanhe! https://t.co/xyq5b1L7FM"
872813211665485824,2017-06-08 13:51:00,08-06-2017 13:51:00,"Participo hoje, às 19h30, do Salão do Livro Político, na PUC-SP. Na mesa estarão também Márcio Pochmann, Juliano Medeiros e Renato Rebelo."
872419189679689728,2017-06-07 11:45:18,07-06-2017 11:45:18,Agradeço aos estudantes do Centro Acadêmico de Políticas Públicas da Univ Fed do ABC pelo debate realizado ontem. Todos na luta pelo Brasil! https://t.co/rgKHTnV4aJ
872236604328464384,2017-06-06 23:39:46,06-06-2017 23:39:46,"""Neoliberalismo é ciencia de quinta categoria e que já se mostrou um fracasso"".
#CiroNaUFABC https://t.co/1Rd3I8m1pL"
872228171478970373,2017-06-06 23:06:15,06-06-2017 23:06:15,"#aovivo na Universidade Federal do ABC. Debate com estudantes e professores. ""Precisamos pensar o Brasil""
Acompanhe!
https://t.co/qTXhj1IptV"
872060877943525376,2017-06-06 12:01:30,06-06-2017 12:01:30,"Hoje, às 19h, participarei da Semana de Políticas Públicas da Universidade Federal do ABC, em São Bernardo do Campo (SP). https://t.co/VIA1IcML4D"
870477858891759620,2017-06-02 03:11:08,02-06-2017 03:11:08,Minha netinha Maria Clara ... https://t.co/yxPcKmczNv
870361450434486273,2017-06-01 19:28:34,01-06-2017 19:28:34,https://t.co/R5jvxCrx3J
870057624171159552,2017-05-31 23:21:17,31-05-2017 23:21:17,"Palestra na Univ Mun de São Caetano do Sul. É fundamental que o Brasil discuta, reflita e debata saídas para as crises econômica e política. https://t.co/7yB6R0djLy"
870039903979143169,2017-05-31 22:10:52,31-05-2017 22:10:52,"Em 1999, durante palestra em São Caetano do Sul, Ciro respondia se ""O pior já passou"". Ele volta hoje à Univ Mun de São Caetano do Sul. https://t.co/cfN98CSNlI"
869934274140667904,2017-05-31 15:11:08,31-05-2017 15:11:08,Ciro Gomes está #aovivo em debate com professores e estudantes na FGV-SP. Acompanhe: https://t.co/IhX6RkvkcH
869913828657688578,2017-05-31 13:49:53,31-05-2017 13:49:53,"@betty_faria_ Muito obrigado , queridíssima ! Pode crer que estou muito e cada vez mais compenetrado de minha responsabilidade com o Brasil"
869890020282441728,2017-05-31 12:15:17,31-05-2017 12:15:17,"Participo hoje, às 11h, de debate na FGV de SP. 
Às 19h, será a vez de debater o Brasil na Universidade Municipal de São Caetano do Sul."
869883936595484673,2017-05-31 11:51:06,31-05-2017 11:51:06,Estou voltando a tuitar . Mais um espaço pra lutar pelo nosso saqueado Brasil !
978275646248976386,2018-03-26 14:21:04,26-03-2018 14:21:04,"#aovivo debate na Universidade de Montpellier. Acompanhe!

https://t.co/8ovRAmHDEI"
977510855310004226,2018-03-24 11:42:03,24-03-2018 11:42:03,"#aovivo debate com José Eduardo Cardoso e Christian Lohbauer, durante o Foro Brasil España, em Barcelona. 

Acompanhe!

https://t.co/vJQj19JZPa"
978614679009480704,2018-03-27 12:48:15,27-03-2018 12:48:15,"#aovivo na Universidade de Sussex, na Inglaterra.

Acompanhe!

https://t.co/rAkpVQS1O7"
978434147453689856,2018-03-27 00:50:53,27-03-2018 00:50:53,"Mais da visita ao Centro Espacial Universitário, em Montpellier: Nesta foto estou segurando um modelo em escala real de um nanosatélite. Tecnologia sensível que está sendo desenvolvida com o apoio de brasileiros. Investir em Ciência e Tecnologia é fundamental! https://t.co/cqg7mT3wqU"
978354525118529536,2018-03-26 19:34:30,26-03-2018 19:34:30,"@xicoripoli @Marcocaete1 @PDT_Nacional Olá! O evento será às 13h (horário local, 09h de Brasília) no auditório A103 do edificio Arts A. 👍"
978352770305658880,2018-03-26 19:27:32,26-03-2018 19:27:32,"Nesta terça-feira (27/03), participarei de um debate na Universidade de Sussex, em Brighton (Inglaterra). O evento será às 13h (horário local, 09h de Brasília) no auditório A103 do edificio Arts A.
Acompanhe!"
978328847715307523,2018-03-26 17:52:28,26-03-2018 17:52:28,"Visitei esta manhã em Montpellier (França) o instituto de sensoreamento remoto, ligado à unidade mista de Pesquisa para o Desenvolvimento (IRD), o Centro Espacial Universitário (CSU) e o Instituto de Eletrônica e Sistemas (IES). Veja mais informações: https://t.co/VpA1br5Uor"
978275646248976386,2018-03-26 14:21:04,26-03-2018 14:21:04,"#aovivo debate na Universidade de Montpellier. Acompanhe!

https://t.co/8ovRAmHDEI"
977510855310004226,2018-03-24 11:42:03,24-03-2018 11:42:03,"#aovivo debate com José Eduardo Cardoso e Christian Lohbauer, durante o Foro Brasil España, em Barcelona. 

Acompanhe!

https://t.co/vJQj19JZPa"
978740693869957120,2018-03-27 21:09:00,27-03-2018 21:09:00,A gente se vira como pode pra ver o jogo do Brasil! 😄 Ótimo resultado! 🇧🇷🇩🇪 https://t.co/BcTXruC5gj
978697340675641344,2018-03-27 18:16:43,27-03-2018 18:16:43,"Compartilho com vocês minha agenda de amanhã, em Paris. Além de um debate na Sorbonne às 10h (5h de Brasília), serei recebido na Assembleia Nacional Francesa por parlamentares franceses (deputados e senadores) e grupos de amizade Brasil-França. 
Acompanhem https://t.co/xDxBbXvTQ3"
978690586072047616,2018-03-27 17:49:53,27-03-2018 17:49:53,"Tive um dia muito agradável na Universidade de Sussex, em Brighton (Inglaterra). Além do debate,  gravei uma entrevista sobre economia política e relações internacionais com os doutorandos Thomás Patriota e Felipe Antunes, que será disponibilizada em breve. https://t.co/ejn2NBIj8z"
978614679009480704,2018-03-27 12:48:15,27-03-2018 12:48:15,"#aovivo na Universidade de Sussex, na Inglaterra.

Acompanhe!

https://t.co/rAkpVQS1O7"
978434147453689856,2018-03-27 00:50:53,27-03-2018 00:50:53,"Mais da visita ao Centro Espacial Universitário, em Montpellier: Nesta foto estou segurando um modelo em escala real de um nanosatélite. Tecnologia sensível que está sendo desenvolvida com o apoio de brasileiros. Investir em Ciência e Tecnologia é fundamental! https://t.co/cqg7mT3wqU"
978354525118529536,2018-03-26 19:34:30,26-03-2018 19:34:30,"@xicoripoli @Marcocaete1 @PDT_Nacional Olá! O evento será às 13h (horário local, 09h de Brasília) no auditório A103 do edificio Arts A. 👍"
978352770305658880,2018-03-26 19:27:32,26-03-2018 19:27:32,"Nesta terça-feira (27/03), participarei de um debate na Universidade de Sussex, em Brighton (Inglaterra). O evento será às 13h (horário local, 09h de Brasília) no auditório A103 do edificio Arts A.
Acompanhe!"
978328847715307523,2018-03-26 17:52:28,26-03-2018 17:52:28,"Visitei esta manhã em Montpellier (França) o instituto de sensoreamento remoto, ligado à unidade mista de Pesquisa para o Desenvolvimento (IRD), o Centro Espacial Universitário (CSU) e o Instituto de Eletrônica e Sistemas (IES). Veja mais informações: https://t.co/VpA1br5Uor"
978275646248976386,2018-03-26 14:21:04,26-03-2018 14:21:04,"#aovivo debate na Universidade de Montpellier. Acompanhe!

https://t.co/8ovRAmHDEI"
977510855310004226,2018-03-24 11:42:03,24-03-2018 11:42:03,"#aovivo debate com José Eduardo Cardoso e Christian Lohbauer, durante o Foro Brasil España, em Barcelona. 

Acompanhe!

https://t.co/vJQj19JZPa"
978740693869957120,2018-03-27 21:09:00,27-03-2018 21:09:00,A gente se vira como pode pra ver o jogo do Brasil! 😄 Ótimo resultado! 🇧🇷🇩🇪 https://t.co/BcTXruC5gj
978697340675641344,2018-03-27 18:16:43,27-03-2018 18:16:43,"Compartilho com vocês minha agenda de amanhã, em Paris. Além de um debate na Sorbonne às 10h (5h de Brasília), serei recebido na Assembleia Nacional Francesa por parlamentares franceses (deputados e senadores) e grupos de amizade Brasil-França. 
Acompanhem https://t.co/xDxBbXvTQ3"
978690586072047616,2018-03-27 17:49:53,27-03-2018 17:49:53,"Tive um dia muito agradável na Universidade de Sussex, em Brighton (Inglaterra). Além do debate,  gravei uma entrevista sobre economia política e relações internacionais com os doutorandos Thomás Patriota e Felipe Antunes, que será disponibilizada em breve. https://t.co/ejn2NBIj8z"
978614679009480704,2018-03-27 12:48:15,27-03-2018 12:48:15,"#aovivo na Universidade de Sussex, na Inglaterra.

Acompanhe!

https://t.co/rAkpVQS1O7"
978434147453689856,2018-03-27 00:50:53,27-03-2018 00:50:53,"Mais da visita ao Centro Espacial Universitário, em Montpellier: Nesta foto estou segurando um modelo em escala real de um nanosatélite. Tecnologia sensível que está sendo desenvolvida com o apoio de brasileiros. Investir em Ciência e Tecnologia é fundamental! https://t.co/cqg7mT3wqU"
978354525118529536,2018-03-26 19:34:30,26-03-2018 19:34:30,"@xicoripoli @Marcocaete1 @PDT_Nacional Olá! O evento será às 13h (horário local, 09h de Brasília) no auditório A103 do edificio Arts A. 👍"
978352770305658880,2018-03-26 19:27:32,26-03-2018 19:27:32,"Nesta terça-feira (27/03), participarei de um debate na Universidade de Sussex, em Brighton (Inglaterra). O evento será às 13h (horário local, 09h de Brasília) no auditório A103 do edificio Arts A.
Acompanhe!"
978328847715307523,2018-03-26 17:52:28,26-03-2018 17:52:28,"Visitei esta manhã em Montpellier (França) o instituto de sensoreamento remoto, ligado à unidade mista de Pesquisa para o Desenvolvimento (IRD), o Centro Espacial Universitário (CSU) e o Instituto de Eletrônica e Sistemas (IES). Veja mais informações: https://t.co/VpA1br5Uor"
978275646248976386,2018-03-26 14:21:04,26-03-2018 14:21:04,"#aovivo debate na Universidade de Montpellier. Acompanhe!

https://t.co/8ovRAmHDEI"
977510855310004226,2018-03-24 11:42:03,24-03-2018 11:42:03,"#aovivo debate com José Eduardo Cardoso e Christian Lohbauer, durante o Foro Brasil España, em Barcelona. 

Acompanhe!

https://t.co/vJQj19JZPa"
978740693869957120,2018-03-27 21:09:00,27-03-2018 21:09:00,A gente se vira como pode pra ver o jogo do Brasil! 😄 Ótimo resultado! 🇧🇷🇩🇪 https://t.co/BcTXruC5gj
978697340675641344,2018-03-27 18:16:43,27-03-2018 18:16:43,"Compartilho com vocês minha agenda de amanhã, em Paris. Além de um debate na Sorbonne às 10h (5h de Brasília), serei recebido na Assembleia Nacional Francesa por parlamentares franceses (deputados e senadores) e grupos de amizade Brasil-França. 
Acompanhem https://t.co/xDxBbXvTQ3"
978690586072047616,2018-03-27 17:49:53,27-03-2018 17:49:53,"Tive um dia muito agradável na Universidade de Sussex, em Brighton (Inglaterra). Além do debate,  gravei uma entrevista sobre economia política e relações internacionais com os doutorandos Thomás Patriota e Felipe Antunes, que será disponibilizada em breve. https://t.co/ejn2NBIj8z"
978614679009480704,2018-03-27 12:48:15,27-03-2018 12:48:15,"#aovivo na Universidade de Sussex, na Inglaterra.

Acompanhe!

https://t.co/rAkpVQS1O7"
978434147453689856,2018-03-27 00:50:53,27-03-2018 00:50:53,"Mais da visita ao Centro Espacial Universitário, em Montpellier: Nesta foto estou segurando um modelo em escala real de um nanosatélite. Tecnologia sensível que está sendo desenvolvida com o apoio de brasileiros. Investir em Ciência e Tecnologia é fundamental! https://t.co/cqg7mT3wqU"
978354525118529536,2018-03-26 19:34:30,26-03-2018 19:34:30,"@xicoripoli @Marcocaete1 @PDT_Nacional Olá! O evento será às 13h (horário local, 09h de Brasília) no auditório A103 do edificio Arts A. 👍"
978352770305658880,2018-03-26 19:27:32,26-03-2018 19:27:32,"Nesta terça-feira (27/03), participarei de um debate na Universidade de Sussex, em Brighton (Inglaterra). O evento será às 13h (horário local, 09h de Brasília) no auditório A103 do edificio Arts A.
Acompanhe!"
978328847715307523,2018-03-26 17:52:28,26-03-2018 17:52:28,"Visitei esta manhã em Montpellier (França) o instituto de sensoreamento remoto, ligado à unidade mista de Pesquisa para o Desenvolvimento (IRD), o Centro Espacial Universitário (CSU) e o Instituto de Eletrônica e Sistemas (IES). Veja mais informações: https://t.co/VpA1br5Uor"
978275646248976386,2018-03-26 14:21:04,26-03-2018 14:21:04,"#aovivo debate na Universidade de Montpellier. Acompanhe!

https://t.co/8ovRAmHDEI"
977510855310004226,2018-03-24 11:42:03,24-03-2018 11:42:03,"#aovivo debate com José Eduardo Cardoso e Christian Lohbauer, durante o Foro Brasil España, em Barcelona. 

Acompanhe!

https://t.co/vJQj19JZPa"
978740693869957120,2018-03-27 21:09:00,27-03-2018 21:09:00,A gente se vira como pode pra ver o jogo do Brasil! 😄 Ótimo resultado! 🇧🇷🇩🇪 https://t.co/BcTXruC5gj
978697340675641344,2018-03-27 18:16:43,27-03-2018 18:16:43,"Compartilho com vocês minha agenda de amanhã, em Paris. Além de um debate na Sorbonne às 10h (5h de Brasília), serei recebido na Assembleia Nacional Francesa por parlamentares franceses (deputados e senadores) e grupos de amizade Brasil-França. 
Acompanhem https://t.co/xDxBbXvTQ3"
978690586072047616,2018-03-27 17:49:53,27-03-2018 17:49:53,"Tive um dia muito agradável na Universidade de Sussex, em Brighton (Inglaterra). Além do debate,  gravei uma entrevista sobre economia política e relações internacionais com os doutorandos Thomás Patriota e Felipe Antunes, que será disponibilizada em breve. https://t.co/ejn2NBIj8z"
978614679009480704,2018-03-27 12:48:15,27-03-2018 12:48:15,"#aovivo na Universidade de Sussex, na Inglaterra.

Acompanhe!

https://t.co/rAkpVQS1O7"
978434147453689856,2018-03-27 00:50:53,27-03-2018 00:50:53,"Mais da visita ao Centro Espacial Universitário, em Montpellier: Nesta foto estou segurando um modelo em escala real de um nanosatélite. Tecnologia sensível que está sendo desenvolvida com o apoio de brasileiros. Investir em Ciência e Tecnologia é fundamental! https://t.co/cqg7mT3wqU"
978354525118529536,2018-03-26 19:34:30,26-03-2018 19:34:30,"@xicoripoli @Marcocaete1 @PDT_Nacional Olá! O evento será às 13h (horário local, 09h de Brasília) no auditório A103 do edificio Arts A. 👍"
978352770305658880,2018-03-26 19:27:32,26-03-2018 19:27:32,"Nesta terça-feira (27/03), participarei de um debate na Universidade de Sussex, em Brighton (Inglaterra). O evento será às 13h (horário local, 09h de Brasília) no auditório A103 do edificio Arts A.
Acompanhe!"
978328847715307523,2018-03-26 17:52:28,26-03-2018 17:52:28,"Visitei esta manhã em Montpellier (França) o instituto de sensoreamento remoto, ligado à unidade mista de Pesquisa para o Desenvolvimento (IRD), o Centro Espacial Universitário (CSU) e o Instituto de Eletrônica e Sistemas (IES). Veja mais informações: https://t.co/VpA1br5Uor"
978275646248976386,2018-03-26 14:21:04,26-03-2018 14:21:04,"#aovivo debate na Universidade de Montpellier. Acompanhe!

https://t.co/8ovRAmHDEI"
977510855310004226,2018-03-24 11:42:03,24-03-2018 11:42:03,"#aovivo debate com José Eduardo Cardoso e Christian Lohbauer, durante o Foro Brasil España, em Barcelona. 

Acompanhe!

https://t.co/vJQj19JZPa"
978740693869957120,2018-03-27 21:09:00,27-03-2018 21:09:00,A gente se vira como pode pra ver o jogo do Brasil! 😄 Ótimo resultado! 🇧🇷🇩🇪 https://t.co/BcTXruC5gj
978697340675641344,2018-03-27 18:16:43,27-03-2018 18:16:43,"Compartilho com vocês minha agenda de amanhã, em Paris. Além de um debate na Sorbonne às 10h (5h de Brasília), serei recebido na Assembleia Nacional Francesa por parlamentares franceses (deputados e senadores) e grupos de amizade Brasil-França. 
Acompanhem https://t.co/xDxBbXvTQ3"
978690586072047616,2018-03-27 17:49:53,27-03-2018 17:49:53,"Tive um dia muito agradável na Universidade de Sussex, em Brighton (Inglaterra). Além do debate,  gravei uma entrevista sobre economia política e relações internacionais com os doutorandos Thomás Patriota e Felipe Antunes, que será disponibilizada em breve. https://t.co/ejn2NBIj8z"
978614679009480704,2018-03-27 12:48:15,27-03-2018 12:48:15,"#aovivo na Universidade de Sussex, na Inglaterra.

Acompanhe!

https://t.co/rAkpVQS1O7"
978434147453689856,2018-03-27 00:50:53,27-03-2018 00:50:53,"Mais da visita ao Centro Espacial Universitário, em Montpellier: Nesta foto estou segurando um modelo em escala real de um nanosatélite. Tecnologia sensível que está sendo desenvolvida com o apoio de brasileiros. Investir em Ciência e Tecnologia é fundamental! https://t.co/cqg7mT3wqU"
978354525118529536,2018-03-26 19:34:30,26-03-2018 19:34:30,"@xicoripoli @Marcocaete1 @PDT_Nacional Olá! O evento será às 13h (horário local, 09h de Brasília) no auditório A103 do edificio Arts A. 👍"
978352770305658880,2018-03-26 19:27:32,26-03-2018 19:27:32,"Nesta terça-feira (27/03), participarei de um debate na Universidade de Sussex, em Brighton (Inglaterra). O evento será às 13h (horário local, 09h de Brasília) no auditório A103 do edificio Arts A.
Acompanhe!"
978328847715307523,2018-03-26 17:52:28,26-03-2018 17:52:28,"Visitei esta manhã em Montpellier (França) o instituto de sensoreamento remoto, ligado à unidade mista de Pesquisa para o Desenvolvimento (IRD), o Centro Espacial Universitário (CSU) e o Instituto de Eletrônica e Sistemas (IES). Veja mais informações: https://t.co/VpA1br5Uor"
978275646248976386,2018-03-26 14:21:04,26-03-2018 14:21:04,"#aovivo debate na Universidade de Montpellier. Acompanhe!

https://t.co/8ovRAmHDEI"
977510855310004226,2018-03-24 11:42:03,24-03-2018 11:42:03,"#aovivo debate com José Eduardo Cardoso e Christian Lohbauer, durante o Foro Brasil España, em Barcelona. 

Acompanhe!

https://t.co/vJQj19JZPa"
978740693869957120,2018-03-27 21:09:00,27-03-2018 21:09:00,A gente se vira como pode pra ver o jogo do Brasil! 😄 Ótimo resultado! 🇧🇷🇩🇪 https://t.co/BcTXruC5gj
978697340675641344,2018-03-27 18:16:43,27-03-2018 18:16:43,"Compartilho com vocês minha agenda de amanhã, em Paris. Além de um debate na Sorbonne às 10h (5h de Brasília), serei recebido na Assembleia Nacional Francesa por parlamentares franceses (deputados e senadores) e grupos de amizade Brasil-França. 
Acompanhem https://t.co/xDxBbXvTQ3"
978690586072047616,2018-03-27 17:49:53,27-03-2018 17:49:53,"Tive um dia muito agradável na Universidade de Sussex, em Brighton (Inglaterra). Além do debate,  gravei uma entrevista sobre economia política e relações internacionais com os doutorandos Thomás Patriota e Felipe Antunes, que será disponibilizada em breve. https://t.co/ejn2NBIj8z"
978614679009480704,2018-03-27 12:48:15,27-03-2018 12:48:15,"#aovivo na Universidade de Sussex, na Inglaterra.

Acompanhe!

https://t.co/rAkpVQS1O7"
978434147453689856,2018-03-27 00:50:53,27-03-2018 00:50:53,"Mais da visita ao Centro Espacial Universitário, em Montpellier: Nesta foto estou segurando um modelo em escala real de um nanosatélite. Tecnologia sensível que está sendo desenvolvida com o apoio de brasileiros. Investir em Ciência e Tecnologia é fundamental! https://t.co/cqg7mT3wqU"
978354525118529536,2018-03-26 19:34:30,26-03-2018 19:34:30,"@xicoripoli @Marcocaete1 @PDT_Nacional Olá! O evento será às 13h (horário local, 09h de Brasília) no auditório A103 do edificio Arts A. 👍"
978352770305658880,2018-03-26 19:27:32,26-03-2018 19:27:32,"Nesta terça-feira (27/03), participarei de um debate na Universidade de Sussex, em Brighton (Inglaterra). O evento será às 13h (horário local, 09h de Brasília) no auditório A103 do edificio Arts A.
Acompanhe!"
978328847715307523,2018-03-26 17:52:28,26-03-2018 17:52:28,"Visitei esta manhã em Montpellier (França) o instituto de sensoreamento remoto, ligado à unidade mista de Pesquisa para o Desenvolvimento (IRD), o Centro Espacial Universitário (CSU) e o Instituto de Eletrônica e Sistemas (IES). Veja mais informações: https://t.co/VpA1br5Uor"
978275646248976386,2018-03-26 14:21:04,26-03-2018 14:21:04,"#aovivo debate na Universidade de Montpellier. Acompanhe!

https://t.co/8ovRAmHDEI"
977510855310004226,2018-03-24 11:42:03,24-03-2018 11:42:03,"#aovivo debate com José Eduardo Cardoso e Christian Lohbauer, durante o Foro Brasil España, em Barcelona. 

Acompanhe!

https://t.co/vJQj19JZPa"
978740693869957120,2018-03-27 21:09:00,27-03-2018 21:09:00,A gente se vira como pode pra ver o jogo do Brasil! 😄 Ótimo resultado! 🇧🇷🇩🇪 https://t.co/BcTXruC5gj
978697340675641344,2018-03-27 18:16:43,27-03-2018 18:16:43,"Compartilho com vocês minha agenda de amanhã, em Paris. Além de um debate na Sorbonne às 10h (5h de Brasília), serei recebido na Assembleia Nacional Francesa por parlamentares franceses (deputados e senadores) e grupos de amizade Brasil-França. 
Acompanhem https://t.co/xDxBbXvTQ3"
978690586072047616,2018-03-27 17:49:53,27-03-2018 17:49:53,"Tive um dia muito agradável na Universidade de Sussex, em Brighton (Inglaterra). Além do debate,  gravei uma entrevista sobre economia política e relações internacionais com os doutorandos Thomás Patriota e Felipe Antunes, que será disponibilizada em breve. https://t.co/ejn2NBIj8z"
978614679009480704,2018-03-27 12:48:15,27-03-2018 12:48:15,"#aovivo na Universidade de Sussex, na Inglaterra.

Acompanhe!

https://t.co/rAkpVQS1O7"
978434147453689856,2018-03-27 00:50:53,27-03-2018 00:50:53,"Mais da visita ao Centro Espacial Universitário, em Montpellier: Nesta foto estou segurando um modelo em escala real de um nanosatélite. Tecnologia sensível que está sendo desenvolvida com o apoio de brasileiros. Investir em Ciência e Tecnologia é fundamental! https://t.co/cqg7mT3wqU"
978354525118529536,2018-03-26 19:34:30,26-03-2018 19:34:30,"@xicoripoli @Marcocaete1 @PDT_Nacional Olá! O evento será às 13h (horário local, 09h de Brasília) no auditório A103 do edificio Arts A. 👍"
978352770305658880,2018-03-26 19:27:32,26-03-2018 19:27:32,"Nesta terça-feira (27/03), participarei de um debate na Universidade de Sussex, em Brighton (Inglaterra). O evento será às 13h (horário local, 09h de Brasília) no auditório A103 do edificio Arts A.
Acompanhe!"
978328847715307523,2018-03-26 17:52:28,26-03-2018 17:52:28,"Visitei esta manhã em Montpellier (França) o instituto de sensoreamento remoto, ligado à unidade mista de Pesquisa para o Desenvolvimento (IRD), o Centro Espacial Universitário (CSU) e o Instituto de Eletrônica e Sistemas (IES). Veja mais informações: https://t.co/VpA1br5Uor"
978275646248976386,2018-03-26 14:21:04,26-03-2018 14:21:04,"#aovivo debate na Universidade de Montpellier. Acompanhe!

https://t.co/8ovRAmHDEI"
977510855310004226,2018-03-24 11:42:03,24-03-2018 11:42:03,"#aovivo debate com José Eduardo Cardoso e Christian Lohbauer, durante o Foro Brasil España, em Barcelona. 

Acompanhe!

https://t.co/vJQj19JZPa"
978740693869957120,2018-03-27 21:09:00,27-03-2018 21:09:00,A gente se vira como pode pra ver o jogo do Brasil! 😄 Ótimo resultado! 🇧🇷🇩🇪 https://t.co/BcTXruC5gj
978697340675641344,2018-03-27 18:16:43,27-03-2018 18:16:43,"Compartilho com vocês minha agenda de amanhã, em Paris. Além de um debate na Sorbonne às 10h (5h de Brasília), serei recebido na Assembleia Nacional Francesa por parlamentares franceses (deputados e senadores) e grupos de amizade Brasil-França. 
Acompanhem https://t.co/xDxBbXvTQ3"
978690586072047616,2018-03-27 17:49:53,27-03-2018 17:49:53,"Tive um dia muito agradável na Universidade de Sussex, em Brighton (Inglaterra). Além do debate,  gravei uma entrevista sobre economia política e relações internacionais com os doutorandos Thomás Patriota e Felipe Antunes, que será disponibilizada em breve. https://t.co/ejn2NBIj8z"
978614679009480704,2018-03-27 12:48:15,27-03-2018 12:48:15,"#aovivo na Universidade de Sussex, na Inglaterra.

Acompanhe!

https://t.co/rAkpVQS1O7"
978434147453689856,2018-03-27 00:50:53,27-03-2018 00:50:53,"Mais da visita ao Centro Espacial Universitário, em Montpellier: Nesta foto estou segurando um modelo em escala real de um nanosatélite. Tecnologia sensível que está sendo desenvolvida com o apoio de brasileiros. Investir em Ciência e Tecnologia é fundamental! https://t.co/cqg7mT3wqU"
978354525118529536,2018-03-26 19:34:30,26-03-2018 19:34:30,"@xicoripoli @Marcocaete1 @PDT_Nacional Olá! O evento será às 13h (horário local, 09h de Brasília) no auditório A103 do edificio Arts A. 👍"
978352770305658880,2018-03-26 19:27:32,26-03-2018 19:27:32,"Nesta terça-feira (27/03), participarei de um debate na Universidade de Sussex, em Brighton (Inglaterra). O evento será às 13h (horário local, 09h de Brasília) no auditório A103 do edificio Arts A.
Acompanhe!"
978328847715307523,2018-03-26 17:52:28,26-03-2018 17:52:28,"Visitei esta manhã em Montpellier (França) o instituto de sensoreamento remoto, ligado à unidade mista de Pesquisa para o Desenvolvimento (IRD), o Centro Espacial Universitário (CSU) e o Instituto de Eletrônica e Sistemas (IES). Veja mais informações: https://t.co/VpA1br5Uor"
978275646248976386,2018-03-26 14:21:04,26-03-2018 14:21:04,"#aovivo debate na Universidade de Montpellier. Acompanhe!

https://t.co/8ovRAmHDEI"
977510855310004226,2018-03-24 11:42:03,24-03-2018 11:42:03,"#aovivo debate com José Eduardo Cardoso e Christian Lohbauer, durante o Foro Brasil España, em Barcelona. 

Acompanhe!

https://t.co/vJQj19JZPa"
978740693869957120,2018-03-27 21:09:00,27-03-2018 21:09:00,A gente se vira como pode pra ver o jogo do Brasil! 😄 Ótimo resultado! 🇧🇷🇩🇪 https://t.co/BcTXruC5gj
978697340675641344,2018-03-27 18:16:43,27-03-2018 18:16:43,"Compartilho com vocês minha agenda de amanhã, em Paris. Além de um debate na Sorbonne às 10h (5h de Brasília), serei recebido na Assembleia Nacional Francesa por parlamentares franceses (deputados e senadores) e grupos de amizade Brasil-França. 
Acompanhem https://t.co/xDxBbXvTQ3"
978690586072047616,2018-03-27 17:49:53,27-03-2018 17:49:53,"Tive um dia muito agradável na Universidade de Sussex, em Brighton (Inglaterra). Além do debate,  gravei uma entrevista sobre economia política e relações internacionais com os doutorandos Thomás Patriota e Felipe Antunes, que será disponibilizada em breve. https://t.co/ejn2NBIj8z"
978614679009480704,2018-03-27 12:48:15,27-03-2018 12:48:15,"#aovivo na Universidade de Sussex, na Inglaterra.

Acompanhe!

https://t.co/rAkpVQS1O7"
978434147453689856,2018-03-27 00:50:53,27-03-2018 00:50:53,"Mais da visita ao Centro Espacial Universitário, em Montpellier: Nesta foto estou segurando um modelo em escala real de um nanosatélite. Tecnologia sensível que está sendo desenvolvida com o apoio de brasileiros. Investir em Ciência e Tecnologia é fundamental! https://t.co/cqg7mT3wqU"
978354525118529536,2018-03-26 19:34:30,26-03-2018 19:34:30,"@xicoripoli @Marcocaete1 @PDT_Nacional Olá! O evento será às 13h (horário local, 09h de Brasília) no auditório A103 do edificio Arts A. 👍"
978352770305658880,2018-03-26 19:27:32,26-03-2018 19:27:32,"Nesta terça-feira (27/03), participarei de um debate na Universidade de Sussex, em Brighton (Inglaterra). O evento será às 13h (horário local, 09h de Brasília) no auditório A103 do edificio Arts A.
Acompanhe!"
978328847715307523,2018-03-26 17:52:28,26-03-2018 17:52:28,"Visitei esta manhã em Montpellier (França) o instituto de sensoreamento remoto, ligado à unidade mista de Pesquisa para o Desenvolvimento (IRD), o Centro Espacial Universitário (CSU) e o Instituto de Eletrônica e Sistemas (IES). Veja mais informações: https://t.co/VpA1br5Uor"
978275646248976386,2018-03-26 14:21:04,26-03-2018 14:21:04,"#aovivo debate na Universidade de Montpellier. Acompanhe!

https://t.co/8ovRAmHDEI"
977510855310004226,2018-03-24 11:42:03,24-03-2018 11:42:03,"#aovivo debate com José Eduardo Cardoso e Christian Lohbauer, durante o Foro Brasil España, em Barcelona. 

Acompanhe!

https://t.co/vJQj19JZPa"
978953450418515968,2018-03-28 11:14:25,28-03-2018 11:14:25,O ataque criminoso à caravana do ex-presidente Lula é absurdo e deve ser investigado com rigor. E repito a pergunta: quem matou Marielle?
978932458128396288,2018-03-28 09:51:00,28-03-2018 09:51:00,"#aovivo na Universidade Sorbonne, em Paris. 
Acompanhe!

https://t.co/4Qb86dkW6C"
978740693869957120,2018-03-27 21:09:00,27-03-2018 21:09:00,A gente se vira como pode pra ver o jogo do Brasil! 😄 Ótimo resultado! 🇧🇷🇩🇪 https://t.co/BcTXruC5gj
978697340675641344,2018-03-27 18:16:43,27-03-2018 18:16:43,"Compartilho com vocês minha agenda de amanhã, em Paris. Além de um debate na Sorbonne às 10h (5h de Brasília), serei recebido na Assembleia Nacional Francesa por parlamentares franceses (deputados e senadores) e grupos de amizade Brasil-França. 
Acompanhem https://t.co/xDxBbXvTQ3"
978690586072047616,2018-03-27 17:49:53,27-03-2018 17:49:53,"Tive um dia muito agradável na Universidade de Sussex, em Brighton (Inglaterra). Além do debate,  gravei uma entrevista sobre economia política e relações internacionais com os doutorandos Thomás Patriota e Felipe Antunes, que será disponibilizada em breve. https://t.co/ejn2NBIj8z"
978614679009480704,2018-03-27 12:48:15,27-03-2018 12:48:15,"#aovivo na Universidade de Sussex, na Inglaterra.

Acompanhe!

https://t.co/rAkpVQS1O7"
978434147453689856,2018-03-27 00:50:53,27-03-2018 00:50:53,"Mais da visita ao Centro Espacial Universitário, em Montpellier: Nesta foto estou segurando um modelo em escala real de um nanosatélite. Tecnologia sensível que está sendo desenvolvida com o apoio de brasileiros. Investir em Ciência e Tecnologia é fundamental! https://t.co/cqg7mT3wqU"
978354525118529536,2018-03-26 19:34:30,26-03-2018 19:34:30,"@xicoripoli @Marcocaete1 @PDT_Nacional Olá! O evento será às 13h (horário local, 09h de Brasília) no auditório A103 do edificio Arts A. 👍"
978352770305658880,2018-03-26 19:27:32,26-03-2018 19:27:32,"Nesta terça-feira (27/03), participarei de um debate na Universidade de Sussex, em Brighton (Inglaterra). O evento será às 13h (horário local, 09h de Brasília) no auditório A103 do edificio Arts A.
Acompanhe!"
978328847715307523,2018-03-26 17:52:28,26-03-2018 17:52:28,"Visitei esta manhã em Montpellier (França) o instituto de sensoreamento remoto, ligado à unidade mista de Pesquisa para o Desenvolvimento (IRD), o Centro Espacial Universitário (CSU) e o Instituto de Eletrônica e Sistemas (IES). Veja mais informações: https://t.co/VpA1br5Uor"
978275646248976386,2018-03-26 14:21:04,26-03-2018 14:21:04,"#aovivo debate na Universidade de Montpellier. Acompanhe!

https://t.co/8ovRAmHDEI"
977510855310004226,2018-03-24 11:42:03,24-03-2018 11:42:03,"#aovivo debate com José Eduardo Cardoso e Christian Lohbauer, durante o Foro Brasil España, em Barcelona. 

Acompanhe!

https://t.co/vJQj19JZPa"
979434565843476483,2018-03-29 19:06:12,29-03-2018 19:06:12,Entrevista para Rádio France Internacional https://t.co/hpSiIhZPwG
979292579694022656,2018-03-29 09:42:00,29-03-2018 09:42:00,RT @LaurenceCohen94: Échanges très enrichissants sur les perspectives politiques et sociales du #Brésil avec le candidat aux élections prés…
979284997029974016,2018-03-29 09:11:52,29-03-2018 09:11:52,Foi uma honra na época estar ao lado de grandes artistas cearenses e é um grande prazer poder relembrar. 😊 https://t.co/ByZWc7028p
979269683030511617,2018-03-29 08:11:01,29-03-2018 08:11:01,"Bom dia! Gravei esta manhã em Paris entrevista para a Radio France Internacional. 

Falamos sobre o grave momento que o Brasil vive, sobre as eleições e sobre o que temos que fazer para superar as crises política e econômica. 

Ela irá ao ar logo mais e compartilharei com vocês! https://t.co/cuDFYjBup4"
979052500782321665,2018-03-28 17:48:00,28-03-2018 17:48:00,"Reunião no Senado da França com o grupo de senadores franceses amigos do Brasil: Laurence Cohen, Georges Patient e Phillippe Dominati. 
Conversamos sobre as relações entre Brasil e França e sobre o grave momento brasileiro. Vamos lutar e devolver a democracia e a paz ao Brasil! https://t.co/OQGL0A3wb1"
979049392471764993,2018-03-28 17:35:39,28-03-2018 17:35:39,"Fui recebido hoje no Senado da França hoje para discutir com os senadores as relações Brasil-França e principalmente o momento grave que vivemos, com o assassinato de Marielle e o ataque à caravana do ex-presidente Lula. https://t.co/Ts7Z4CsLUZ"
978953450418515968,2018-03-28 11:14:25,28-03-2018 11:14:25,O ataque criminoso à caravana do ex-presidente Lula é absurdo e deve ser investigado com rigor. E repito a pergunta: quem matou Marielle?
978932458128396288,2018-03-28 09:51:00,28-03-2018 09:51:00,"#aovivo na Universidade Sorbonne, em Paris. 
Acompanhe!

https://t.co/4Qb86dkW6C"
978740693869957120,2018-03-27 21:09:00,27-03-2018 21:09:00,A gente se vira como pode pra ver o jogo do Brasil! 😄 Ótimo resultado! 🇧🇷🇩🇪 https://t.co/BcTXruC5gj
978697340675641344,2018-03-27 18:16:43,27-03-2018 18:16:43,"Compartilho com vocês minha agenda de amanhã, em Paris. Além de um debate na Sorbonne às 10h (5h de Brasília), serei recebido na Assembleia Nacional Francesa por parlamentares franceses (deputados e senadores) e grupos de amizade Brasil-França. 
Acompanhem https://t.co/xDxBbXvTQ3"
978690586072047616,2018-03-27 17:49:53,27-03-2018 17:49:53,"Tive um dia muito agradável na Universidade de Sussex, em Brighton (Inglaterra). Além do debate,  gravei uma entrevista sobre economia política e relações internacionais com os doutorandos Thomás Patriota e Felipe Antunes, que será disponibilizada em breve. https://t.co/ejn2NBIj8z"
978614679009480704,2018-03-27 12:48:15,27-03-2018 12:48:15,"#aovivo na Universidade de Sussex, na Inglaterra.

Acompanhe!

https://t.co/rAkpVQS1O7"
978434147453689856,2018-03-27 00:50:53,27-03-2018 00:50:53,"Mais da visita ao Centro Espacial Universitário, em Montpellier: Nesta foto estou segurando um modelo em escala real de um nanosatélite. Tecnologia sensível que está sendo desenvolvida com o apoio de brasileiros. Investir em Ciência e Tecnologia é fundamental! https://t.co/cqg7mT3wqU"
978354525118529536,2018-03-26 19:34:30,26-03-2018 19:34:30,"@xicoripoli @Marcocaete1 @PDT_Nacional Olá! O evento será às 13h (horário local, 09h de Brasília) no auditório A103 do edificio Arts A. 👍"
978352770305658880,2018-03-26 19:27:32,26-03-2018 19:27:32,"Nesta terça-feira (27/03), participarei de um debate na Universidade de Sussex, em Brighton (Inglaterra). O evento será às 13h (horário local, 09h de Brasília) no auditório A103 do edificio Arts A.
Acompanhe!"
978328847715307523,2018-03-26 17:52:28,26-03-2018 17:52:28,"Visitei esta manhã em Montpellier (França) o instituto de sensoreamento remoto, ligado à unidade mista de Pesquisa para o Desenvolvimento (IRD), o Centro Espacial Universitário (CSU) e o Instituto de Eletrônica e Sistemas (IES). Veja mais informações: https://t.co/VpA1br5Uor"
978275646248976386,2018-03-26 14:21:04,26-03-2018 14:21:04,"#aovivo debate na Universidade de Montpellier. Acompanhe!

https://t.co/8ovRAmHDEI"
977510855310004226,2018-03-24 11:42:03,24-03-2018 11:42:03,"#aovivo debate com José Eduardo Cardoso e Christian Lohbauer, durante o Foro Brasil España, em Barcelona. 

Acompanhe!

https://t.co/vJQj19JZPa"
979434565843476483,2018-03-29 19:06:12,29-03-2018 19:06:12,Entrevista para Rádio France Internacional https://t.co/hpSiIhZPwG
979292579694022656,2018-03-29 09:42:00,29-03-2018 09:42:00,RT @LaurenceCohen94: Échanges très enrichissants sur les perspectives politiques et sociales du #Brésil avec le candidat aux élections prés…
979284997029974016,2018-03-29 09:11:52,29-03-2018 09:11:52,Foi uma honra na época estar ao lado de grandes artistas cearenses e é um grande prazer poder relembrar. 😊 https://t.co/ByZWc7028p
979269683030511617,2018-03-29 08:11:01,29-03-2018 08:11:01,"Bom dia! Gravei esta manhã em Paris entrevista para a Radio France Internacional. 

Falamos sobre o grave momento que o Brasil vive, sobre as eleições e sobre o que temos que fazer para superar as crises política e econômica. 

Ela irá ao ar logo mais e compartilharei com vocês! https://t.co/cuDFYjBup4"
979052500782321665,2018-03-28 17:48:00,28-03-2018 17:48:00,"Reunião no Senado da França com o grupo de senadores franceses amigos do Brasil: Laurence Cohen, Georges Patient e Phillippe Dominati. 
Conversamos sobre as relações entre Brasil e França e sobre o grave momento brasileiro. Vamos lutar e devolver a democracia e a paz ao Brasil! https://t.co/OQGL0A3wb1"
979049392471764993,2018-03-28 17:35:39,28-03-2018 17:35:39,"Fui recebido hoje no Senado da França hoje para discutir com os senadores as relações Brasil-França e principalmente o momento grave que vivemos, com o assassinato de Marielle e o ataque à caravana do ex-presidente Lula. https://t.co/Ts7Z4CsLUZ"
978953450418515968,2018-03-28 11:14:25,28-03-2018 11:14:25,O ataque criminoso à caravana do ex-presidente Lula é absurdo e deve ser investigado com rigor. E repito a pergunta: quem matou Marielle?
978932458128396288,2018-03-28 09:51:00,28-03-2018 09:51:00,"#aovivo na Universidade Sorbonne, em Paris. 
Acompanhe!

https://t.co/4Qb86dkW6C"
978740693869957120,2018-03-27 21:09:00,27-03-2018 21:09:00,A gente se vira como pode pra ver o jogo do Brasil! 😄 Ótimo resultado! 🇧🇷🇩🇪 https://t.co/BcTXruC5gj
978697340675641344,2018-03-27 18:16:43,27-03-2018 18:16:43,"Compartilho com vocês minha agenda de amanhã, em Paris. Além de um debate na Sorbonne às 10h (5h de Brasília), serei recebido na Assembleia Nacional Francesa por parlamentares franceses (deputados e senadores) e grupos de amizade Brasil-França. 
Acompanhem https://t.co/xDxBbXvTQ3"
978690586072047616,2018-03-27 17:49:53,27-03-2018 17:49:53,"Tive um dia muito agradável na Universidade de Sussex, em Brighton (Inglaterra). Além do debate,  gravei uma entrevista sobre economia política e relações internacionais com os doutorandos Thomás Patriota e Felipe Antunes, que será disponibilizada em breve. https://t.co/ejn2NBIj8z"
978614679009480704,2018-03-27 12:48:15,27-03-2018 12:48:15,"#aovivo na Universidade de Sussex, na Inglaterra.

Acompanhe!

https://t.co/rAkpVQS1O7"
978434147453689856,2018-03-27 00:50:53,27-03-2018 00:50:53,"Mais da visita ao Centro Espacial Universitário, em Montpellier: Nesta foto estou segurando um modelo em escala real de um nanosatélite. Tecnologia sensível que está sendo desenvolvida com o apoio de brasileiros. Investir em Ciência e Tecnologia é fundamental! https://t.co/cqg7mT3wqU"
978354525118529536,2018-03-26 19:34:30,26-03-2018 19:34:30,"@xicoripoli @Marcocaete1 @PDT_Nacional Olá! O evento será às 13h (horário local, 09h de Brasília) no auditório A103 do edificio Arts A. 👍"
978352770305658880,2018-03-26 19:27:32,26-03-2018 19:27:32,"Nesta terça-feira (27/03), participarei de um debate na Universidade de Sussex, em Brighton (Inglaterra). O evento será às 13h (horário local, 09h de Brasília) no auditório A103 do edificio Arts A.
Acompanhe!"
978328847715307523,2018-03-26 17:52:28,26-03-2018 17:52:28,"Visitei esta manhã em Montpellier (França) o instituto de sensoreamento remoto, ligado à unidade mista de Pesquisa para o Desenvolvimento (IRD), o Centro Espacial Universitário (CSU) e o Instituto de Eletrônica e Sistemas (IES). Veja mais informações: https://t.co/VpA1br5Uor"
978275646248976386,2018-03-26 14:21:04,26-03-2018 14:21:04,"#aovivo debate na Universidade de Montpellier. Acompanhe!

https://t.co/8ovRAmHDEI"
977510855310004226,2018-03-24 11:42:03,24-03-2018 11:42:03,"#aovivo debate com José Eduardo Cardoso e Christian Lohbauer, durante o Foro Brasil España, em Barcelona. 

Acompanhe!

https://t.co/vJQj19JZPa"
986316435310997504,2018-04-17 18:52:17,17-04-2018 18:52:17,"O que venho alertando há tempos. Apesar de baixarem a taxa Selic, os juros na ponta quase não sofreram mudança. 

É uma distorção grave em nosso país.  https://t.co/gFojyABlXr"
986018876835221505,2018-04-16 23:09:54,16-04-2018 23:09:54,"Vamos falar sobre o Brasil, em Ouro Preto (MG). Acompanhe #aovivo em https://t.co/IhX6RkvkcH https://t.co/lddHobfmC6"
985818686572433408,2018-04-16 09:54:25,16-04-2018 09:54:25,"Hoje, 19h, em Ouro Preto (MG).

Participe! https://t.co/60C3I2FFqw"
985220880623177728,2018-04-14 18:18:57,14-04-2018 18:18:57,"Tod@s com o idioma japonês 🇯🇵 afiado? 😄
Então compartilho com vocês a entrevista que concedi ao jornal japonês Nikkei, especializado em economia. 
Será que alguém pode me ajudar a traduzir? 🤓🤔❤️
Arigatou gozaimasu! 🙏 https://t.co/X2lzwBFGiK"
985167966856798209,2018-04-14 14:48:41,14-04-2018 14:48:41,RT @caetanoveloso: Uma beleza fazer show no aniversário de Fortaleza na praia de Iracema. Um anagrama de América e gritos de LULA LIVRE! @c…
985166078807609345,2018-04-14 14:41:11,14-04-2018 14:41:11,"Ontem Fortaleza comemorou 292 anos, com direito a show de Caetano Veloso no aterro da Praia de Iracema.

Maravilha! 👏👏🎼🎼 https://t.co/MXCzYmuPRt"
984103130420924416,2018-04-11 16:17:24,11-04-2018 16:17:24,"Nesta quinta-feira, 18h, estarei na Câmara de Dirigentes Lojistas (CDL), em Fortaleza.

Participe! https://t.co/WaJSj1FuM6"
983812480446205953,2018-04-10 21:02:28,10-04-2018 21:02:28,"RT @KennedyAlencar: Daqui a pouco, participo do @jornaldacbn2, entre 18h e 19h. Hoje tem entrevista com @cirogomes por volta das 18h30"
983795218783842305,2018-04-10 19:53:52,10-04-2018 19:53:52,"#entrevistaCBN

Concederei entrevista #aovivo hoje, 18h30, para Roberto Nonato e Kennedy Alencar, na CBN.

Acompanhe!"
982043529437417473,2018-04-05 23:53:17,05-04-2018 23:53:17,https://t.co/3vF5Ux3Vq8
981578356536827904,2018-04-04 17:04:51,04-04-2018 17:04:51,https://t.co/ws9nrihQXb
980935212862464003,2018-04-02 22:29:14,02-04-2018 22:29:14,Filiação da senadora Katia Abreu ao PDT ocorreu hoje. https://t.co/ZbYvkdAx5h
979434565843476483,2018-03-29 19:06:12,29-03-2018 19:06:12,Entrevista para Rádio France Internacional https://t.co/hpSiIhZPwG
979292579694022656,2018-03-29 09:42:00,29-03-2018 09:42:00,RT @LaurenceCohen94: Échanges très enrichissants sur les perspectives politiques et sociales du #Brésil avec le candidat aux élections prés…
979284997029974016,2018-03-29 09:11:52,29-03-2018 09:11:52,Foi uma honra na época estar ao lado de grandes artistas cearenses e é um grande prazer poder relembrar. 😊 https://t.co/ByZWc7028p
979269683030511617,2018-03-29 08:11:01,29-03-2018 08:11:01,"Bom dia! Gravei esta manhã em Paris entrevista para a Radio France Internacional. 

Falamos sobre o grave momento que o Brasil vive, sobre as eleições e sobre o que temos que fazer para superar as crises política e econômica. 

Ela irá ao ar logo mais e compartilharei com vocês! https://t.co/cuDFYjBup4"
979052500782321665,2018-03-28 17:48:00,28-03-2018 17:48:00,"Reunião no Senado da França com o grupo de senadores franceses amigos do Brasil: Laurence Cohen, Georges Patient e Phillippe Dominati. 
Conversamos sobre as relações entre Brasil e França e sobre o grave momento brasileiro. Vamos lutar e devolver a democracia e a paz ao Brasil! https://t.co/OQGL0A3wb1"
979049392471764993,2018-03-28 17:35:39,28-03-2018 17:35:39,"Fui recebido hoje no Senado da França hoje para discutir com os senadores as relações Brasil-França e principalmente o momento grave que vivemos, com o assassinato de Marielle e o ataque à caravana do ex-presidente Lula. https://t.co/Ts7Z4CsLUZ"
978953450418515968,2018-03-28 11:14:25,28-03-2018 11:14:25,O ataque criminoso à caravana do ex-presidente Lula é absurdo e deve ser investigado com rigor. E repito a pergunta: quem matou Marielle?
978932458128396288,2018-03-28 09:51:00,28-03-2018 09:51:00,"#aovivo na Universidade Sorbonne, em Paris. 
Acompanhe!

https://t.co/4Qb86dkW6C"
978740693869957120,2018-03-27 21:09:00,27-03-2018 21:09:00,A gente se vira como pode pra ver o jogo do Brasil! 😄 Ótimo resultado! 🇧🇷🇩🇪 https://t.co/BcTXruC5gj
978697340675641344,2018-03-27 18:16:43,27-03-2018 18:16:43,"Compartilho com vocês minha agenda de amanhã, em Paris. Além de um debate na Sorbonne às 10h (5h de Brasília), serei recebido na Assembleia Nacional Francesa por parlamentares franceses (deputados e senadores) e grupos de amizade Brasil-França. 
Acompanhem https://t.co/xDxBbXvTQ3"
978690586072047616,2018-03-27 17:49:53,27-03-2018 17:49:53,"Tive um dia muito agradável na Universidade de Sussex, em Brighton (Inglaterra). Além do debate,  gravei uma entrevista sobre economia política e relações internacionais com os doutorandos Thomás Patriota e Felipe Antunes, que será disponibilizada em breve. https://t.co/ejn2NBIj8z"
978614679009480704,2018-03-27 12:48:15,27-03-2018 12:48:15,"#aovivo na Universidade de Sussex, na Inglaterra.

Acompanhe!

https://t.co/rAkpVQS1O7"
978434147453689856,2018-03-27 00:50:53,27-03-2018 00:50:53,"Mais da visita ao Centro Espacial Universitário, em Montpellier: Nesta foto estou segurando um modelo em escala real de um nanosatélite. Tecnologia sensível que está sendo desenvolvida com o apoio de brasileiros. Investir em Ciência e Tecnologia é fundamental! https://t.co/cqg7mT3wqU"
978354525118529536,2018-03-26 19:34:30,26-03-2018 19:34:30,"@xicoripoli @Marcocaete1 @PDT_Nacional Olá! O evento será às 13h (horário local, 09h de Brasília) no auditório A103 do edificio Arts A. 👍"
978352770305658880,2018-03-26 19:27:32,26-03-2018 19:27:32,"Nesta terça-feira (27/03), participarei de um debate na Universidade de Sussex, em Brighton (Inglaterra). O evento será às 13h (horário local, 09h de Brasília) no auditório A103 do edificio Arts A.
Acompanhe!"
978328847715307523,2018-03-26 17:52:28,26-03-2018 17:52:28,"Visitei esta manhã em Montpellier (França) o instituto de sensoreamento remoto, ligado à unidade mista de Pesquisa para o Desenvolvimento (IRD), o Centro Espacial Universitário (CSU) e o Instituto de Eletrônica e Sistemas (IES). Veja mais informações: https://t.co/VpA1br5Uor"
978275646248976386,2018-03-26 14:21:04,26-03-2018 14:21:04,"#aovivo debate na Universidade de Montpellier. Acompanhe!

https://t.co/8ovRAmHDEI"
977510855310004226,2018-03-24 11:42:03,24-03-2018 11:42:03,"#aovivo debate com José Eduardo Cardoso e Christian Lohbauer, durante o Foro Brasil España, em Barcelona. 

Acompanhe!

https://t.co/vJQj19JZPa"
987155244097462272,2018-04-20 02:25:25,20-04-2018 02:25:25,https://t.co/YUjsRSII9b
987099886389747712,2018-04-19 22:45:27,19-04-2018 22:45:27,"Nesse 19 de abril, dia do índio, fui ao encontro dos Xavantes, no Mato Grosso. O Brasil deve muito aos povos indígenas. Cultura, identidade e resistência que são uma lição para todos nós. https://t.co/SNWT6ttvr4"
986900636259246080,2018-04-19 09:33:42,19-04-2018 09:33:42,"Visitarei hoje as aldeias indígenas Guadalupe e São Marcos, em Mato Grosso. 
Terra do grande Mário Juruna, primeiro e único deputado federal indígena do país, que também era filiado ao PDT. 
Junto comigo estarão Carlos Lupi e Rafael Weree, presidente do movimento indígena do PDT."
986316435310997504,2018-04-17 18:52:17,17-04-2018 18:52:17,"O que venho alertando há tempos. Apesar de baixarem a taxa Selic, os juros na ponta quase não sofreram mudança. 

É uma distorção grave em nosso país.  https://t.co/gFojyABlXr"
986018876835221505,2018-04-16 23:09:54,16-04-2018 23:09:54,"Vamos falar sobre o Brasil, em Ouro Preto (MG). Acompanhe #aovivo em https://t.co/IhX6RkvkcH https://t.co/lddHobfmC6"
985818686572433408,2018-04-16 09:54:25,16-04-2018 09:54:25,"Hoje, 19h, em Ouro Preto (MG).

Participe! https://t.co/60C3I2FFqw"
985220880623177728,2018-04-14 18:18:57,14-04-2018 18:18:57,"Tod@s com o idioma japonês 🇯🇵 afiado? 😄
Então compartilho com vocês a entrevista que concedi ao jornal japonês Nikkei, especializado em economia. 
Será que alguém pode me ajudar a traduzir? 🤓🤔❤️
Arigatou gozaimasu! 🙏 https://t.co/X2lzwBFGiK"
985167966856798209,2018-04-14 14:48:41,14-04-2018 14:48:41,RT @caetanoveloso: Uma beleza fazer show no aniversário de Fortaleza na praia de Iracema. Um anagrama de América e gritos de LULA LIVRE! @c…
985166078807609345,2018-04-14 14:41:11,14-04-2018 14:41:11,"Ontem Fortaleza comemorou 292 anos, com direito a show de Caetano Veloso no aterro da Praia de Iracema.

Maravilha! 👏👏🎼🎼 https://t.co/MXCzYmuPRt"
984103130420924416,2018-04-11 16:17:24,11-04-2018 16:17:24,"Nesta quinta-feira, 18h, estarei na Câmara de Dirigentes Lojistas (CDL), em Fortaleza.

Participe! https://t.co/WaJSj1FuM6"
983812480446205953,2018-04-10 21:02:28,10-04-2018 21:02:28,"RT @KennedyAlencar: Daqui a pouco, participo do @jornaldacbn2, entre 18h e 19h. Hoje tem entrevista com @cirogomes por volta das 18h30"
983795218783842305,2018-04-10 19:53:52,10-04-2018 19:53:52,"#entrevistaCBN

Concederei entrevista #aovivo hoje, 18h30, para Roberto Nonato e Kennedy Alencar, na CBN.

Acompanhe!"
982043529437417473,2018-04-05 23:53:17,05-04-2018 23:53:17,https://t.co/3vF5Ux3Vq8
981578356536827904,2018-04-04 17:04:51,04-04-2018 17:04:51,https://t.co/ws9nrihQXb
980935212862464003,2018-04-02 22:29:14,02-04-2018 22:29:14,Filiação da senadora Katia Abreu ao PDT ocorreu hoje. https://t.co/ZbYvkdAx5h
979434565843476483,2018-03-29 19:06:12,29-03-2018 19:06:12,Entrevista para Rádio France Internacional https://t.co/hpSiIhZPwG
979292579694022656,2018-03-29 09:42:00,29-03-2018 09:42:00,RT @LaurenceCohen94: Échanges très enrichissants sur les perspectives politiques et sociales du #Brésil avec le candidat aux élections prés…
979284997029974016,2018-03-29 09:11:52,29-03-2018 09:11:52,Foi uma honra na época estar ao lado de grandes artistas cearenses e é um grande prazer poder relembrar. 😊 https://t.co/ByZWc7028p
979269683030511617,2018-03-29 08:11:01,29-03-2018 08:11:01,"Bom dia! Gravei esta manhã em Paris entrevista para a Radio France Internacional. 

Falamos sobre o grave momento que o Brasil vive, sobre as eleições e sobre o que temos que fazer para superar as crises política e econômica. 

Ela irá ao ar logo mais e compartilharei com vocês! https://t.co/cuDFYjBup4"
979052500782321665,2018-03-28 17:48:00,28-03-2018 17:48:00,"Reunião no Senado da França com o grupo de senadores franceses amigos do Brasil: Laurence Cohen, Georges Patient e Phillippe Dominati. 
Conversamos sobre as relações entre Brasil e França e sobre o grave momento brasileiro. Vamos lutar e devolver a democracia e a paz ao Brasil! https://t.co/OQGL0A3wb1"
979049392471764993,2018-03-28 17:35:39,28-03-2018 17:35:39,"Fui recebido hoje no Senado da França hoje para discutir com os senadores as relações Brasil-França e principalmente o momento grave que vivemos, com o assassinato de Marielle e o ataque à caravana do ex-presidente Lula. https://t.co/Ts7Z4CsLUZ"
978953450418515968,2018-03-28 11:14:25,28-03-2018 11:14:25,O ataque criminoso à caravana do ex-presidente Lula é absurdo e deve ser investigado com rigor. E repito a pergunta: quem matou Marielle?
978932458128396288,2018-03-28 09:51:00,28-03-2018 09:51:00,"#aovivo na Universidade Sorbonne, em Paris. 
Acompanhe!

https://t.co/4Qb86dkW6C"
978740693869957120,2018-03-27 21:09:00,27-03-2018 21:09:00,A gente se vira como pode pra ver o jogo do Brasil! 😄 Ótimo resultado! 🇧🇷🇩🇪 https://t.co/BcTXruC5gj
978697340675641344,2018-03-27 18:16:43,27-03-2018 18:16:43,"Compartilho com vocês minha agenda de amanhã, em Paris. Além de um debate na Sorbonne às 10h (5h de Brasília), serei recebido na Assembleia Nacional Francesa por parlamentares franceses (deputados e senadores) e grupos de amizade Brasil-França. 
Acompanhem https://t.co/xDxBbXvTQ3"
978690586072047616,2018-03-27 17:49:53,27-03-2018 17:49:53,"Tive um dia muito agradável na Universidade de Sussex, em Brighton (Inglaterra). Além do debate,  gravei uma entrevista sobre economia política e relações internacionais com os doutorandos Thomás Patriota e Felipe Antunes, que será disponibilizada em breve. https://t.co/ejn2NBIj8z"
978614679009480704,2018-03-27 12:48:15,27-03-2018 12:48:15,"#aovivo na Universidade de Sussex, na Inglaterra.

Acompanhe!

https://t.co/rAkpVQS1O7"
978434147453689856,2018-03-27 00:50:53,27-03-2018 00:50:53,"Mais da visita ao Centro Espacial Universitário, em Montpellier: Nesta foto estou segurando um modelo em escala real de um nanosatélite. Tecnologia sensível que está sendo desenvolvida com o apoio de brasileiros. Investir em Ciência e Tecnologia é fundamental! https://t.co/cqg7mT3wqU"
978354525118529536,2018-03-26 19:34:30,26-03-2018 19:34:30,"@xicoripoli @Marcocaete1 @PDT_Nacional Olá! O evento será às 13h (horário local, 09h de Brasília) no auditório A103 do edificio Arts A. 👍"
978352770305658880,2018-03-26 19:27:32,26-03-2018 19:27:32,"Nesta terça-feira (27/03), participarei de um debate na Universidade de Sussex, em Brighton (Inglaterra). O evento será às 13h (horário local, 09h de Brasília) no auditório A103 do edificio Arts A.
Acompanhe!"
978328847715307523,2018-03-26 17:52:28,26-03-2018 17:52:28,"Visitei esta manhã em Montpellier (França) o instituto de sensoreamento remoto, ligado à unidade mista de Pesquisa para o Desenvolvimento (IRD), o Centro Espacial Universitário (CSU) e o Instituto de Eletrônica e Sistemas (IES). Veja mais informações: https://t.co/VpA1br5Uor"
978275646248976386,2018-03-26 14:21:04,26-03-2018 14:21:04,"#aovivo debate na Universidade de Montpellier. Acompanhe!

https://t.co/8ovRAmHDEI"
977510855310004226,2018-03-24 11:42:03,24-03-2018 11:42:03,"#aovivo debate com José Eduardo Cardoso e Christian Lohbauer, durante o Foro Brasil España, em Barcelona. 

Acompanhe!

https://t.co/vJQj19JZPa"
